12612.430903
11541.762512
11818.035329
11932.283401
12209.129333
12533.355097
12615.184952
12493.225484
12658.315786
12607.237996
12315.301320
12188.944448
12136.770701
11993.414078
11817.995397
11692.290538
11560.386292
11436.813344
11268.482834
11128.339523
10978.662643
10822.159698
10579.891958
10473.601507
10315.003688
10095.406616
9965.216705
9928.105535
9902.759247
9851.958420
9848.570435
9905.184662
9966.674657
9969.839259
9963.786865
9894.443517
9835.185501
9741.901148
9680.717941
9670.309428
9620.597605
9553.459035
9480.516907
9481.594838
9420.700562
9379.352661
9388.643071
9378.543549
9307.252625
9267.661463
9248.257019
9212.052709
9197.744614
9198.396612
9189.960953
9135.866898
9100.463913
9069.761724
9059.872803
8896.524190
8925.184423
8818.267812
8642.899796
8746.336685
8712.924225
8746.540202
8726.418610
8668.629868
8665.711634
8659.719340
8515.896790
8575.320058
8346.042796
8458.861211
8377.235555
8301.812902
8325.048309
8252.548223
8263.201218
8276.184901
8325.557958
8260.274821
8264.539734
8213.792358
8254.258418
8222.039307
8223.322962
8215.909729
8233.388056
8194.704732
8155.021622
8126.439479
8120.621094
8100.057500
8113.404516
8094.372442
8087.096283
8072.752177
8073.705180
8047.661026
8024.769430
8028.981705
8030.934626
8025.081970
8046.241425
8060.878352
8057.804632
8023.917587
7991.205363
7916.245809
7874.960958
7804.741892
7693.107173
7626.801285
7561.274124
7527.081879
7471.932882
7434.811879
7429.358627
7422.564697
7427.840673
7464.275625
7480.125870
7471.495066
7480.136134
7469.916631
7465.056351
7416.612300
7346.576660
7288.060527
7241.167277
7220.690938
7178.691574
7146.795787
7119.703878
7078.975586
7034.121241
6995.299444
6964.622701
6936.935776
6919.120819
6902.003026
6872.574671
6872.027522
6839.723938
6821.605174
6814.207759
6785.596624
6770.079193
6737.981227
6685.589961
6657.035924
6647.175181
6612.552190
6591.032359
6583.064031
6545.153768
6524.789729
6514.416011
6494.896820
6462.299103
6419.286916
6399.608190
6390.906932
6376.346578
6350.845215
6337.589147
6307.345118
6296.072108
6277.857859
6251.344630
6239.841639
6224.862417
6200.773844
6221.768143
6200.944906
6169.648565
6139.998164
6124.085988
6102.096695
6078.634511
6060.030721
6052.553207
6035.183182
6021.166484
6004.794596
5999.257553
5979.875585
5965.668340
5942.603277
5911.897425
5888.159627
5854.515432
5822.126531
5788.160166
5763.431086
5748.932266
5729.541840
5718.857157
5706.152456
5698.683370
5686.440074
5670.097488
5664.389811
5645.163686
5631.182922
5621.037328
5607.370814
5595.344106
5577.399979
5557.326080
5531.050425
5514.642395
5502.647776
5484.836380
5473.956395
5452.614110
5428.562317
5423.179743
5416.852707
5396.494873
5379.898046
5362.331772
5352.554377
5332.820730
5322.459691
5317.472565
5302.153732
5289.926290
5277.464478
5261.947581
5246.450389
5235.599380
5215.311615
5199.163600
5193.082235
5183.879344
5157.333883
5143.556783
5122.923350
5103.496562
5084.360275
5070.135808
5048.424693
5028.648493
5018.012960
5007.265030
4998.937749
4979.125285
4959.680786
4942.219345
4931.302338
4914.034302
4898.298024
4880.297582
4868.691508
4859.003596
4840.857539
4821.043783
4807.628062
4790.608515
4711.319194
4690.851262
4684.073324
4666.686956
4646.259684
4613.262873
4504.388168
4463.239532
4352.715302
4314.166850
4221.196671
4167.646118
4108.616231
4047.813822
3983.817017
3922.515391
3878.287201
3829.954122
3738.562586
3690.398351
3610.404994
3550.367986
3505.352676
3404.043610
3354.377884
3294.826701
3183.227269
3149.299688
3060.360199
3015.253947
2947.757390
2892.373230
2819.512482
2782.329183
2732.418783
2666.149384
2618.289266
2587.564331
2532.379303
2483.996577
2435.911916
2389.343440
2342.072266
2296.355784
2256.779800
2225.570994
2182.635946
2159.259715
2116.938263
2079.317169
2051.529119
2022.980825
1995.099401
1972.640493
1941.903722
1917.402491
1890.290064
1864.515223
1833.457611
1812.519394
1784.784154
1762.466980
1747.947662
1717.798279
1694.906347
1671.407069
1641.222529
1594.366099
1559.273880
1524.935567
1496.796626
1464.091024
1435.825221
1402.244593
1377.010849
1343.862762
1316.087891
1283.683594
1251.929469
1225.310252
1198.650604
1169.124385
1140.597707
1109.429662
1075.625458
1044.359955
1017.098633
990.725184
968.339834
942.881856
921.151133
897.947611
877.129634
857.431142
834.019709
811.048462
784.152049
762.034007
745.717840
728.357000
708.297913
697.238724
677.527512
659.583532
642.551086
629.113154
616.589920
601.308314
591.388102
580.339244
550.386027
524.728470
502.328522
470.400314
