66.21202024998756030527
4.93144316655490122514
16.69189702251107476627
5.29403826995642923237
5.43863245315755694520
2.54670160401178069520
3.21392253813722916789
4.86866058710342564098
2.53645546750926298429
4.36292774386781889717
3.73831387749514609808
8.19263938522802170894
7.92054278409195777755
4.87950012400555799275
8.45406353163562407360
7.93593082570413077548
3.50952227323770094003
3.59571501468590071227
4.00958657529715356560
1.87683214548480181705
2.19446131338511163378
2.44015817675939095110
3.63463525065986692297
2.54692811063166368868
2.52613653043268948650
3.67480738177240606745
2.68220565162012380966
1.31872158159290941981
1.39594640424971117021
1.38454193458162300168
1.20374722477024609368
1.09764899507919055921
1.19181403497336946273
1.43764329759643172402
1.46667225746431384437
1.69600416080744409442
1.57600522320731561976
1.55537076220451542241
1.31779847738115263311
1.08747777209788631936
1.18555067108550837851
1.28476249239725759388
1.04085254302945795502
0.81245044887981110460
1.29055824329703816566
1.14012054020902620088
0.78990379994995196800
0.91701238825310193992
1.36658988886291221654
1.07313693259881515196
0.84992305094825304490
0.95846122442697823107
0.91031419221929699148
0.65324885258863518711
0.61637062650086393845
0.92583599340209088435
0.78552673950938811664
0.70181242863255433040
1.02004962664651133153
1.30292447237651853875
0.76790968435673923054
0.99484749219451562574
1.01451874963773058802
1.19002580761813669952
0.53700619133370464109
0.67917292076912905152
0.49235129860622134368
0.52898562342075317044
0.44700973047133141236
0.44743805008968101644
1.06874411825923432140
0.80417886822469242247
1.81502835307868770620
0.87861781840612140915
0.85162258776729238274
0.58436744907131199511
0.49358847455254162284
0.56916615259181502218
0.41823535298918462777
0.41194838147988621646
0.52859234948990663217
0.70094099233637485735
0.39088865577001730145
0.63822416918627433713
0.37693072828548723763
0.48683016709217274975
0.30485545290381294015
0.28405455461327050459
0.30273873416516899892
0.52130850385817695258
0.53589560672673186570
0.42689338886305350229
0.33617284242059669586
0.41213603062266834787
0.32937839505216948144
0.41678202470666325663
0.33838306871214968163
0.36769112973650508458
0.33007392600629548163
0.49596682131896158152
0.51619226604689549820
0.40555181295406900199
0.43443903280683354717
0.39987990505460380142
0.33587758605590262162
0.31316036251295076287
0.24882857649163370173
0.68441213950720070081
0.58818283100926638252
1.03881211774939141712
0.60848052830941501412
0.75890298845418502349
1.15068082070967969699
0.79113532697897137602
0.74637051824580225023
0.52167738949775421808
0.58082501001647368621
0.65813240258458849397
0.42770571101500531874
0.47689903002803663012
0.39299256548682842682
0.38257131556083878721
0.36820789944023896156
0.56999945298167509211
0.38963477618875125286
0.47172180577783934252
0.32905361323656118211
0.65654777311220702263
0.74875093196938680151
0.42431323839074958082
0.51169059242405046106
0.44372345352963810106
0.53303322448566936576
0.40991563634681826844
0.34654951460017130449
0.62122834448296071486
0.65480705491048951661
0.54105984708254040161
0.41052818341964153470
0.51093448549821274263
0.46558174945599456462
0.36360360257361828973
0.69716340605560300769
0.33715569566657638267
0.73461309717748224379
0.44872536532907020268
0.33376487422100997726
0.58672172880850181897
0.51691271083717260648
0.54275985469692311636
1.45239974129661431057
0.53493961811640389215
0.34359368704840076436
0.47459014879791150410
0.43429883979567301955
0.28808942087416111733
0.59125685361518354188
0.32726593238277995601
0.29486782235019098897
0.53273240694415746610
0.40081258842743100468
0.48787459233620272814
0.45079172710138032398
0.32081515606010385655
0.36552679954452788058
0.41291827357834282042
0.37893911614522401976
0.38032723887534347629
0.35137935606781978137
0.39374917539228193597
0.36458040117568019101
0.38021231477038619495
0.46756292226305840032
0.44568064854627026383
4.72468587342394474859
0.65959171871918009789
0.26794804698048935165
0.38485817092778090709
0.40331234236790208803
0.32877194770991358119
0.49364501086534917640
0.34193057093861101148
0.27469610719550546785
0.35617099967475268629
0.33763982420260085782
0.22480451008574953153
0.22591263585618853726
0.36961621285450091401
0.47401689100116034536
0.83943152731726600191
0.27665911255130332114
1.41950117665774966369
0.52678439630318407705
0.46201560313654094214
0.44102543218262074687
0.16644544203770536561
0.33868676900975497324
0.21469795863410376380
0.36374886990811194920
0.28242282242413818683
0.26336662410230643472
0.32137535670439321134
0.25007246561194323986
0.34197719387778524602
0.42852015580982816267
0.24428980739798811239
0.16732243894326118139
0.32444726879298990685
0.28503786085463050926
0.35348801765316056889
0.33818384670999701580
0.47429089353951670027
0.52561521770428820677
0.42363930328860149865
0.36445988621981545430
0.24472336836286295858
0.34893751007503415185
0.40967412265345554134
0.18906684959265948609
0.15697513991699593716
0.27757667097663030198
0.36128236596281421145
0.35952247911424445315
0.23665570023777607322
0.23975510522090381915
0.23420024659443053339
0.09552547733557684162
0.12884935492434232418
0.16526313763244865340
0.25098082242313835000
0.26938324278731651251
0.22797881008274720194
0.23408458696432246637
0.29571828684900092199
0.25509899971961708109
0.26259865248480868116
0.40094937366974930937
0.46356418949390909567
0.41129640981061205141
0.25870326799039139454
0.35142581604042777421
0.46726006593681163048
0.24353033372418417257
0.52497557625016710858
0.43930835841410353915
0.18782988771567843411
0.42081567505043493416
0.14283263692608152984
0.42956091607039853519
0.26569968529599036211
0.36032637115343957301
0.18605317888218622646
0.18662104452041985980
0.19434030077095248989
0.27500308234103387761
0.29226826547655593291
0.34513012822983440975
0.21516487262940833802
0.27451682440120211970
0.26244427971811168376
0.21680117598960119141
1.22002020585912096529
0.27815873769196430842
0.30828852422821478863
0.36400423866511572024
0.31852359488609255367
0.30144680525133432658
1.48795540344486654227
0.70650199234071664467
1.27938682573175155355
0.64394537797487916286
1.11046001606799960015
0.73960737565235712410
0.71776396532995923039
0.77562285484727666596
0.48411265363269417872
0.62128930027253781443
0.53950435657255491062
0.47984857125249386067
0.86528606020342757610
0.48428840851813048651
0.67955301204771256796
0.53835421165942409782
0.53093002531131294752
0.68613568935949831307
0.69113902966285944984
0.56321969731604992759
0.80367887937778426100
0.22921517204952024382
0.55619990601259572394
0.42163789641165494437
0.38734286347669211192
0.27958961245341101831
0.60243342013358402998
0.36676197603019300431
0.28675854961242075447
0.31289533997501023377
0.32427227210427805870
0.38612818023185474514
0.58619353699139009617
0.28381611897764935648
0.27599629391514035603
0.27179907356777638361
0.35250248367187325682
0.36115281516167513365
0.30990851185450812855
0.19148695708083166012
0.40746042317170044766
0.23090397254453279285
0.24021500408223434020
0.22109350490005383327
0.17896345797533369515
0.17043688101493426057
0.13144413814697619713
0.14272326620836806033
0.27215446612806382110
0.23724684103203275143
0.17972786992091022151
0.23515067878814366331
0.25301103564985838457
0.22661644366220207170
0.19198854637921386468
0.21582898881671147562
0.15075240952322341292
0.14152152237961962422
0.15925298654377459395
0.23783299949166450404
0.21846853354742729048
0.21559943047746765732
0.19422294198253289843
0.17338969644341453713
0.17603561289113828225
0.16330605712179824263
0.12076804336017406272
0.11821739812455919760
0.14597080401608189537
0.12140835983752627791
0.13996301095911295453
0.14655748741504762145
0.14265576612871813666
0.15237068060027947336
0.15872557151737790027
0.14783767068275133205
0.12188940331387015936
0.12540388460030993389
0.10355217542598026126
0.10120309093545626355
0.11415167877446100175
0.07380173546416299302
0.07989977678724745347
0.09214270153094182569
0.08355163147562039150
0.08147543585580546699
0.06918673688204632355
0.06584576546139775388
0.06380800230810043661
0.05989832789329338492
0.05665475406742795372
0.05559250902274891215
0.05158043729849440262
0.05543398450145316236
0.05526528860383515818
0.05565217978112094871
0.05095192871253971523
0.04723628374846149114
0.04768006158343500445
0.05120825319385668983
0.05058506986371887060
0.04757310632380799126
0.04427480068899969368
0.04593838462567200603
0.11683569599620614865
0.08915067319962324821
0.05650245046618768141
0.12761718737514396449
