-1.725335e+01 -3.444659e+01 53.84966278523017990665 5.52871918450715682525 10.36118954434132710674 -1.46790590476670357312
-4.211583e-01 -4.724985e+00 1.34769083516515109089 4.55283440789941096227 9.06465963185869405550 -1.47552327235503777381
3.851261e+00 -9.828442e+00 12.93015600388549302124 4.99070955778250180401 9.08359410940485112462 -0.81252350999563105471
-1.553040e-01 -4.471227e+00 2.83034452411534109828 4.29071239375560509188 7.13851047880495226394 -1.32356265863252109405
-7.158906e-01 -5.248360e+00 1.23326472252930496865 3.88191976790488979532 5.22603044905331692860 -1.44514135049455960669
-1.837386e+00 -1.201067e+00 -1.29117719001756170449 3.22112229321235776780 3.88843879364325406556 -0.66604152409472017204
-1.442676e+00 -2.638727e+00 -1.13362417316252206412 2.82688163833688088644 3.37675372106680748985 -1.14189542573335556241
-3.645420e+00 2.482540e-01 -3.21762975687200381003 1.90522046316987081482 1.82069966226713519930 -0.00136479808897406203
-1.632443e+00 -1.104888e+00 -1.59623239072396572169 1.83293163634688283103 1.92075572684008810675 -0.97588652497140060404
-3.551016e+00 -2.604554e-01 -2.52142565236128213257 1.38139189300177211983 1.33627093701576615814 -0.33118093040734519761
-2.945062e+00 -3.049885e-01 -2.28223166345715222647 1.40271967352575721577 1.24096279397141739942 -0.39659842455039179265
-6.215755e+00 2.194918e+00 -4.86477850585689530760 0.69917047491715023089 0.18456197170300001065 0.41734053359578082709
-6.093786e+00 2.045274e+00 -4.62791761989964900437 0.49025621311956940618 -0.03040796570805533172 0.64781316503965946652
-4.058076e+00 1.217889e+00 -2.42038971354773746469 -0.03410651101730038937 -0.50287274298195883127 1.04929629361485532435
-6.787808e+00 2.731867e+00 -4.23482701903869696025 -0.42447514936294195032 -0.89897615615405812584 1.35363052009958662047
-6.586884e+00 2.474913e+00 -3.66970824594296107790 -0.52058903241034470977 -1.04094143690285312331 0.79212256777515110961
-3.098440e+00 1.137027e+00 -1.19314182228927689877 -0.54353199278689012797 -1.00658458985505983030 0.68798960485190718828
-3.198125e+00 1.006766e+00 -1.29907210596135547220 -0.57815457527150992956 -0.97302676380983621485 0.44625062691974587414
-3.742590e+00 1.123392e+00 -0.89877584090231943392 -0.62393310506612786881 -1.01030729176557576565 0.26593442600087119354
-1.697604e+00 3.713009e-01 -0.70906732285809948024 -0.35049675970539739822 -0.69072078446415097197 0.32931001714027291483
-1.996944e+00 4.790835e-01 -0.77353300118762435833 -0.32922640404674086145 -0.59418407988196275671 0.35871032554977305695
-2.212675e+00 4.921337e-01 -0.90346303760690338525 -0.19875107625490737173 -0.41164031177792370642 0.31519657824387570244
-3.140316e+00 1.073644e+00 -1.48198548035781141330 -0.26727681505267725237 -0.53366509763902691965 0.50787729189385111273
-2.337991e+00 6.059845e-01 -0.80834694784962535241 -0.33635642907341706254 -0.57626179683417555477 0.24385518698618149913
-2.222884e+00 7.374483e-01 -0.94674290267587490888 -0.22233324448288691033 -0.49475918071842717172 0.34113946776729608956
-3.136424e+00 1.294980e+00 -1.41070268239095986118 -0.35309724575591366902 -0.71334240983961827443 0.41178676143722114933
-2.432848e+00 1.043657e+00 -0.43157736114111400205 -0.59385788610039502711 -0.87516965861789497438 0.18461074567244184497
-1.230499e+00 4.718988e-01 0.04700376387592574562 -0.47211431410310827905 -0.69160308723426022759 0.09349984159692638352
-1.315393e+00 4.639309e-01 -0.05634796181867841869 -0.36626405686905472159 -0.64196384427162955788 -0.03159589442192816539
-1.266259e+00 5.156842e-01 -0.21820419400615059802 -0.22988343984592166103 -0.50462132223562761180 0.09953562037907966176
-1.123267e+00 4.162503e-01 0.11838348038025010844 -0.30420343763928159309 -0.55343913108437470250 -0.03385214202070394723
-1.025310e+00 3.158264e-01 0.23200742675392979630 -0.27451125752559635274 -0.52720395163925493076 -0.24493585164103712226
-1.129007e+00 3.662837e-01 0.10770513335361682483 -0.19538613880886310237 -0.46543144746169168302 -0.26648256636334505254
-1.358229e+00 4.669997e-01 -0.06280254912911517606 -0.16499171603728668423 -0.46636685743383687885 -0.17193997632156932109
-1.364503e+00 5.172343e-01 -0.14740413349361977668 -0.15481069632365201949 -0.46409532078159615454 -0.11481323139297666680
-1.513792e+00 6.993178e-01 -0.30954500652361777169 -0.18883533278639466624 -0.51744598718591250375 0.06291090704094672026
-1.397367e+00 6.610034e-01 -0.30697492583217922402 -0.15954207883969440118 -0.46236059340222807057 0.07336910210235202123
-1.371773e+00 7.149416e-01 -0.16209770288841487962 -0.23014979494698875606 -0.49816371929583369571 0.13120715111023059651
-1.182650e+00 5.701265e-01 -0.11352502736647887560 -0.17595096312764657576 -0.41917420429090501699 0.10170369236869479523
-9.803553e-01 4.099161e-01 0.23125765802563594264 -0.14416911821338881938 -0.30668091793592172634 -0.09070225140465676406
-1.082583e+00 4.832488e-01 0.00398125202800547317 -0.14534321971077346358 -0.34169928389284687231 0.02123715648877151987
-1.164849e+00 5.319231e-01 -0.10391692462106841277 -0.13423000398641410369 -0.34043192020949891718 0.06947092195296732109
-9.469805e-01 3.966881e-01 0.17099855167732991301 -0.09747423237381853955 -0.20718453950175033662 0.02801491065244426579
-6.512438e-01 2.746597e-01 0.40064864704530178674 -0.14713418250192600301 -0.24794035233320277367 -0.09524840245027850483
-1.156249e+00 5.688486e-01 -0.07100102035152398849 -0.12820573757899014766 -0.34647776622715747985 0.01012236745835349422
-1.016269e+00 5.081821e-01 0.09392908531477270340 -0.12664137321447030415 -0.29386593201600763603 -0.01692218447457459821
-6.926423e-01 3.217029e-01 0.20174708178499747846 -0.13331192847471798335 -0.29233889249483185901 -0.11972433884878562471
-8.117341e-01 4.094168e-01 0.11990543298678156547 -0.15582180119449165479 -0.31529206041974722208 -0.04425314525500489982
-1.176965e+00 6.726477e-01 -0.17281589882655612467 -0.21453827592800644997 -0.46076412834851609990 0.08044532377003459078
-9.127369e-01 5.469940e-01 0.13903877005345557927 -0.20608691635587020330 -0.37763284095522225980 0.03578573448696515530
-6.546233e-01 4.135049e-01 0.35050143076560202893 -0.15975603739238763978 -0.26829156750944810339 -0.03865776150906756470
-7.595298e-01 4.307564e-01 0.39523573291087682469 -0.13509904600543962139 -0.22677040315409158211 -0.05564663200486705263
-7.647261e-01 4.399383e-01 0.22432172831508317978 -0.18346577413890691188 -0.30752012129966038723 -0.03331717475347875657
-4.894341e-01 2.802730e-01 0.32959881613317187909 -0.15152977082764215733 -0.23788830842554437028 -0.07147053133457388630
-4.748147e-01 2.812895e-01 0.27448130990379965288 -0.13729574666608967970 -0.22099767711391815617 -0.03809849165872103427
-7.408303e-01 5.425423e-01 0.11828167315738327692 -0.19238004108963246974 -0.32053854698238976040 0.12451630335047850218
-5.523096e-01 4.380673e-01 0.34655942911693637942 -0.21703775033889949331 -0.29591937631342324355 0.05795077584994599157
-4.467514e-01 3.891618e-01 0.37617412797384874867 -0.20373245558834232605 -0.25539360898888563423 0.06390830225362487127
-1.483841e-01 2.290986e-01 0.98285157220260122024 -0.11099549463083720202 -0.12255824931658299004 -0.08653774144377528177
-1.017775e+00 7.672649e-01 -0.27027744710368589720 -0.14390545642192872910 -0.32825898825559063354 0.34791593903143447353
-6.137165e-02 2.190425e-01 0.73344337016086824654 -0.20332463283864959935 -0.21725055041813218226 -0.05979682359283199772
-5.704009e-01 6.327163e-01 0.51384289309161357284 -0.13037129017969781297 -0.18598761989962331320 0.11734127341051128757
-7.318479e-01 7.022467e-01 -0.02228476510585460438 -0.15355845556186162315 -0.24373959703076086836 0.38603458700630238765
5.338090e-01 -2.562239e-01 1.03225901214219750734 -0.10667833403047875807 -0.00404091223454774561 -0.25503966325448101937
-3.183673e-01 2.655722e-01 0.34130530606657882853 -0.10634436796625289234 -0.13431445557621027320 0.03958472855215527247
8.557005e-02 5.986548e-02 0.67109592973811604821 -0.11571541069288351911 -0.08061017160459262032 -0.08559645045443421696
-3.044806e-01 2.359702e-01 0.30662589242783494514 -0.08746905118718298344 -0.12329651993599322068 -0.00128165050336683938
-3.601424e-01 2.767062e-01 0.27121379759918573527 -0.06687749612339875804 -0.10645135067445606059 0.01947955123323136251
-1.604449e-01 1.676505e-01 0.38205815954289373826 -0.06802374460973951986 -0.09079475492927686908 -0.03763599017005447855
-9.966203e-02 7.631815e-02 0.42946924057861385338 -0.04661497018327118158 -0.05152797703887566222 -0.08315714766522007417
-8.159998e-01 6.730836e-01 -0.15269816175595316010 -0.11116322052777055651 -0.20256978242006168367 0.27266323521552715548
1.150192e-01 -3.218581e-02 0.79525990066338048123 -0.09836458014168969477 -0.04325899489543007237 -0.15072986031556390163
-1.427366e+00 9.684235e-01 -0.56489833437627157142 -0.14448982089059114742 -0.29333541032525606296 0.36328240149068791176
2.502427e-01 -1.430114e-01 0.82999733347872828304 -0.12728699231712589657 -0.08435144066318689404 -0.26003193440462107899
-6.176188e-01 5.712239e-01 0.13233012218543335758 -0.15123527170551556709 -0.22612605008205505230 0.13492643389098196716
-4.154284e-01 3.807696e-01 0.15465783082621767375 -0.10895072681546331961 -0.15503984976931323159 0.09150975065227662242
-8.885690e-02 1.233581e-01 0.46959217250824530909 -0.10809449993488154385 -0.09009356862201342575 -0.05004092804944555717
-4.353082e-01 3.661735e-01 0.01933569693287341684 -0.12624591170048568567 -0.19387086814117485134 0.14944705757519052836
-3.328711e-02 1.323885e-01 0.39533032887333297012 -0.10716508993683074302 -0.10877825854655638615 -0.01918403247986563698
-1.636070e-01 1.688926e-01 0.33824477006034925353 -0.12353404190646187499 -0.14262455315374122922 -0.05017601869478789667
8.357348e-02 -1.101438e-02 0.52182758528393968778 -0.09033722758643449036 -0.07007957076215148851 -0.13325711286027935865
-5.816695e-01 3.679973e-01 -0.13250231257073338820 -0.06639620115858167748 -0.14962527441193351763 0.08898092662923778873
-2.265829e-01 1.493644e-01 0.28132615426530710456 -0.08891244141707645154 -0.10546091407097553383 -0.07970936355334612422
-5.322493e-01 3.143313e-01 -0.15886042322278690064 -0.07329222581257717473 -0.16423196758730621014 0.09106129030383250389
-2.329012e-03 5.510382e-02 0.37287386493539131926 -0.08771489941862817274 -0.09590795285453970753 -0.12447327482717916725
-4.277605e-01 2.321826e-01 -0.01076179214955536034 -0.06765604230172925226 -0.11398008118430252855 0.00199475508797771926
-1.904073e-01 1.717752e-01 0.16484896981087387990 -0.06920420411453206966 -0.09822865032933530971 -0.02345818477357544674
-1.884917e-01 1.708114e-01 0.12641723600837537211 -0.05857700409159961874 -0.09451845088721227972 -0.00934862374978815379
-8.633336e-02 1.134552e-01 0.26706781636240467526 -0.05082204555831679182 -0.06591362696603596250 -0.07669237308876042380
-4.396268e-01 2.789491e-01 -0.02604368072163330133 -0.05619356127456465178 -0.11688533496817804513 0.02129438798161613702
-4.435439e-01 2.959454e-01 0.05356550998663515278 -0.07095870580815087647 -0.10544205479219015409 0.01611167984119908983
-3.422429e-01 2.342960e-01 0.10106015609869241356 -0.07801937253684074203 -0.11367049578854618308 -0.00209334327104722514
-2.449893e-01 1.997487e-01 0.11442400320382964396 -0.07518064515155636895 -0.12094529321861353932 -0.00800724576107268021
-3.295522e-01 2.395437e-01 0.06221158880717336803 -0.07821133320928415344 -0.12757979445231767968 0.00490486268681578075
-1.674810e-01 1.391341e-01 0.24714761264922474604 -0.08288578945752746174 -0.10456558430131129844 -0.06430412021531727029
-3.528493e-01 2.193295e-01 0.03315372497433940330 -0.05878376899653216248 -0.11067474831618402675 0.00162429351398825231
-2.626772e-01 1.849230e-01 0.10633564507493127593 -0.06038325293919549752 -0.09905157742632453299 -0.01784120824142494330
-2.632129e-01 2.031435e-01 0.15699817260032589150 -0.06284742841175368355 -0.08757031079368954307 -0.01735265263588671447
-2.234036e-01 1.624043e-01 0.18073311406554679048 -0.07411049213418556547 -0.09785163411405228828 -0.03872599382837471627
-4.355827e-01 2.340861e-01 0.03813794586091343031 -0.06023248456937330131 -0.10175599654422967655 -0.01773360615135106261
-4.598915e-01 2.197784e-01 0.08155811533173050465 -0.06606050327905342578 -0.09738291339615369469 -0.05850490125763018606
-3.330644e-01 1.880871e-01 0.13477254977394262370 -0.06207444390468822015 -0.09149965712655826200 -0.06873067478046551715
-3.562293e-01 2.219872e-01 0.11206976845297143830 -0.04771748967527600360 -0.09124492575472463451 -0.05540019248562189080
-3.051834e-01 2.122016e-01 0.14743647407422674767 -0.04734549133505746438 -0.06861580895961459647 -0.03406865262063695637
-2.013055e-01 1.299622e-01 0.23537137380857806046 -0.05911631028674160793 -0.06560065018531743841 -0.09842687727933732700
-5.834388e-02 1.136274e-01 0.28592694921424705035 -0.03089390917640427725 -0.04165097852026913849 -0.08618076372669376817
-1.950886e-01 9.264097e-02 0.12358694350752186253 -0.00504285019521346668 0.00255835501875561339 -0.07492052769256507538
-6.096745e-01 2.967091e-01 -0.09316991013889741602 -0.02501276464869761629 -0.05633790678031411203 -0.01680290547696759382
-5.117349e-01 2.895144e-01 -0.01636569196683039171 -0.06284102395860696744 -0.11527533947996831953 -0.02514845579798263842
-8.766419e-01 5.085772e-01 -0.22798875230541276737 -0.08148089872031638592 -0.17342619332304023971 0.03326351733467752120
-4.799741e-01 3.737783e-01 -0.01277576176714065141 -0.05943593939153161282 -0.11986735219881779202 0.03468268303930751445
-6.282878e-01 4.067662e-01 -0.12541717257245307837 -0.08634381558835971249 -0.14766068495732839749 0.09202180313874153139
-9.451610e-01 6.193378e-01 -0.21715822121045602611 -0.13095146578431215989 -0.19204949545655813914 0.11368147355864628711
-6.393336e-01 4.629717e-01 -0.05296078340735871359 -0.15990860129208614437 -0.20189499398793861462 0.12406144160658870434
-5.907319e-01 4.557609e-01 -0.01966610038991555010 -0.18820394482591421004 -0.24791856653824326240 0.11034589328859870094
-3.991057e-01 3.359242e-01 -0.00410894028496367695 -0.16962395730821372419 -0.23082852198305700564 0.11607599175094251986
-3.771466e-01 4.213672e-01 0.13254366940235792760 -0.18060695960261313742 -0.22663313912969337838 0.09450510556860766687
-4.958282e-01 4.062662e-01 0.14913226999397988237 -0.17950132974142032904 -0.19710359763000559474 0.03940369732630188970
-1.004379e-01 2.376907e-01 0.34109756747554104139 -0.17400604840461447731 -0.17324645087353598982 0.01580422521196095040
-3.437420e-01 2.703999e-01 0.19015258808389504108 -0.14254620457220965046 -0.16061690042335272088 -0.02910864878789359844
-1.968454e-01 2.172873e-01 0.26168925543298049430 -0.11204122972865554475 -0.12578889917844335300 -0.06348328986913133465
-1.064227e-01 1.539731e-01 0.33365744867306751376 -0.05697859910895072821 -0.06595052301949670681 -0.12594943443950307183
-1.718731e-01 2.044783e-01 0.25342716485500388357 -0.05330682283735210109 -0.06694809388359877766 -0.09596496812156281309
-4.539374e-01 3.105534e-01 0.14965567033230878224 -0.07081060101069491797 -0.10749166781411052807 -0.07312162849557915512
-2.502080e-01 2.358062e-01 0.18332117891588287084 -0.07358164821327085880 -0.11125538651179088523 -0.04956772190175772613
-3.471039e-01 3.039395e-01 0.09829124064388833348 -0.06342101882598298601 -0.11066750893619047014 -0.02096864608190503881
-1.413593e-01 2.382205e-01 0.17760861647330392077 -0.06061029333818779286 -0.09474027924240450982 -0.00396318636245762950
-5.227292e-01 3.969805e-01 -0.01468497980694875860 -0.06257654156734623885 -0.11305845278747189697 0.01321363983458730823
-5.960992e-01 4.354256e-01 -0.12529280216877033971 -0.09912583472714597832 -0.16357738579304348381 0.10212265623139898940
-2.101551e-01 3.371503e-01 0.14901752850760824343 -0.14161979780390038242 -0.17861762906145337015 0.12249988832728604671
-3.486060e-01 3.554754e-01 0.11806063788519081947 -0.14027873736916199321 -0.17219178920672598143 0.09137922432602543776
-1.653199e-01 2.748264e-01 0.30664358956880777285 -0.12648724921198495341 -0.13078063653162541602 0.03669001886041136501
-4.018602e-01 3.224086e-01 0.13669501940846331967 -0.11822984641780581727 -0.13429497694170500210 0.03364643400832983272
-2.474214e-01 2.749555e-01 0.17667198056005387063 -0.11932016418846061456 -0.13617467730843682561 0.04209997338628877067
-1.848343e-01 2.225727e-01 0.19077270816450372926 -0.11295889183414947743 -0.12352630851183754590 0.02938316755219541609
-5.102626e-01 3.503044e-01 0.05332512485605284125 -0.12329714535768826478 -0.15895494582186422972 0.02362834537439530147
-5.048819e-01 4.110177e-01 0.07022112847370148847 -0.13072091858923348684 -0.17035338584681303242 0.04473080702365528349
-4.153788e-01 3.423067e-01 0.05506635898789866146 -0.11548249085826299554 -0.15718353903868928501 0.03286563980490355558
-2.837391e-01 2.706923e-01 0.12145443152751399241 -0.12008467707117601031 -0.14766117294066036236 0.02164955654707198529
-2.973884e-01 3.554697e-01 0.21507092817527795336 -0.12361505122180511951 -0.15571962753319271155 0.00126558506102344287
-3.593700e-01 2.817168e-01 0.09085826672812155613 -0.11030206066837529300 -0.13622508661217161419 -0.00790928343943880785
-2.366060e-01 2.180537e-01 0.16934511158899909211 -0.11286137812631136246 -0.12563822374082919686 -0.01273447644754256529
-5.631467e-01 3.884081e-01 0.13431980065410817349 -0.11562972835937890270 -0.15062867749090624869 -0.00478568044394128353
-8.000179e-02 2.062135e-01 0.25445953352328076758 -0.09221273859737585954 -0.10233974931569521372 -0.01975831367518013360
-3.802580e-01 4.074121e-01 0.47861842462989456770 -0.11646814518790471471 -0.15008371198730080520 -0.02484783591543695408
-3.012207e-01 2.969878e-01 0.14972914712310775309 -0.11333873084375134521 -0.13879096397560761189 -0.00561612990012407866
-1.545321e-01 2.241299e-01 0.19309229192069177206 -0.09657435715403561716 -0.11623961725610776341 -0.01648906564590056634
-4.329629e-01 3.730370e-01 0.13277392601736026645 -0.09960139289278098496 -0.15252400108598984652 0.00249702685965294416
-5.434853e-02 3.146489e-01 0.40649850138626864027 -0.10025604300535768953 -0.11211720379716655360 -0.01308739481046822251
-4.087727e-01 3.502128e-01 0.06959965889004110506 -0.09243100129692684297 -0.13019022117153625229 0.00663863802710725620
-2.797827e-01 7.090597e-01 1.23629326227838842733 -0.12781103591379666673 -0.17318283419092331266 -0.00251434800891305044
-4.403358e-01 2.996736e-01 0.04960375817039625046 -0.11426719188034824282 -0.15352498624799001958 0.01136647005545157220
-1.392510e-01 2.121737e-01 0.23162064056441319937 -0.10511159103187028840 -0.11226905055751477958 -0.01386855427756209652
-3.822221e-01 2.701860e-01 0.07836872239414167940 -0.10611912794584449360 -0.13755759708070783298 0.01323613121260561881
-3.357669e-01 2.663440e-01 0.07026345111312078118 -0.10290739601227288924 -0.12377529140375904959 0.01308918361941463493
-5.658478e-02 1.445459e-01 0.24269355559214600415 -0.08787033854428745461 -0.09448611348323959769 -0.00897634076616811612
-4.517426e-01 3.810540e-01 0.01763859521788977563 -0.09931653886146012133 -0.14160499436357845693 0.03562222968251813754
-9.022817e-02 2.193491e-01 0.22549462634918260306 -0.09131064326225367400 -0.10216299456432709203 0.01144094832086405347
-8.150474e-02 1.685740e-01 0.22778680063914405474 -0.08545866539026723829 -0.09108611065341866431 -0.00416086603168760224
-4.466744e-01 2.881858e-01 0.03513904795943550291 -0.09271587912991099967 -0.11575244012432456264 -0.00029809604176750940
-2.605442e-01 2.667106e-01 0.14708134443762460597 -0.09108233057926184983 -0.11434145564403544459 0.00850977506484698609
-3.461137e-01 3.219262e-01 0.12079091042629917785 -0.10046101310217277203 -0.12565462507824678995 0.03516321842330823871
-2.863612e-01 3.133329e-01 0.15176608951840955819 -0.09247624239544238733 -0.10792733201608423199 0.00795549195788531303
-3.054711e-02 1.728672e-01 0.26852593861506862671 -0.08478457495942280653 -0.08350800300230676321 -0.00855335683843833593
-1.849874e-01 2.632585e-01 0.17344876243757276213 -0.08630326422347667226 -0.10062339622631333302 0.01735811298363342317
-2.936344e-01 2.642861e-01 0.12013834128237346754 -0.09310549749306926137 -0.11317943450267109462 0.01744996970763340940
-2.148372e-01 2.439618e-01 0.19473695932081058757 -0.08788281248470732054 -0.09922544761217906573 -0.00171125798939288087
-1.768701e-01 2.765404e-01 0.19207088023858021053 -0.08912300827586125407 -0.09853210118444766241 0.02324644271974304552
-1.445911e-01 2.278833e-01 0.22501121229354678621 -0.08753059517159755831 -0.08521082343618809063 0.00411618090961747996
-2.246891e-01 2.729776e-01 0.17331028902969727867 -0.09201333071681033760 -0.09703877908616420633 0.02039869731443546066
-1.448900e-01 2.627043e-01 0.20715265355455217411 -0.08678582930297362719 -0.08977798117015381441 0.03228548925192583491
-2.294813e-01 2.592104e-01 0.15719314874836737284 -0.09192036097369832293 -0.09325313159436443566 0.01369863864040062398
-1.925342e-01 3.080164e-01 0.29440027614629560304 -0.09141241125838592274 -0.09336501959183481081 0.01681390408178418810
-2.889173e-01 2.976816e-01 0.16292239039903322340 -0.09242622818109519356 -0.09613446257447998133 0.01919729387141482294
-3.214506e-02 1.966303e+00 4.29596062491412400419 -0.13235983439121074001 -0.20462832575749026476 -0.00654711823618437695
-5.192305e-01 3.994673e-01 0.07672585909031898188 -0.14946092479266628872 -0.14859029193154685289 0.03332418379758666366
-2.128629e-01 1.523508e-01 0.05722583767337233174 -0.12084050085994568757 -0.11512325810201516629 0.02675339278526921508
-2.665579e-01 2.758245e-01 0.03136176980230989675 -0.12740259332385886482 -0.11367147872748462056 0.01824906478034774709
-3.138311e-01 2.532839e-01 -0.00426041397269590061 -0.12116202667454732678 -0.11370225882826714980 0.01865326122792793778
-2.968584e-01 1.339341e-01 -0.04503067704252170650 -0.10947433533353501112 -0.10461252193637085584 0.01406440216800600856
-3.853839e-01 3.073636e-01 -0.02631006067980658572 -0.11632753133149403846 -0.12047598908564489950 0.02050556612998439415
-2.172439e-01 2.600915e-01 0.04554165886083093306 -0.11090910033837125814 -0.10511191971940066214 0.01796172736063805786
-5.940531e-02 2.083270e-01 0.16890481755075237302 -0.10194686536219597917 -0.08354822857115831725 0.00698296495891095187
-2.301944e-01 2.590401e-01 0.08225903286083240118 -0.10256317867532330212 -0.09089068851094511681 0.00635819346181327755
-1.281388e-01 2.810747e-01 0.13630151322541797509 -0.10542478243370703717 -0.08562079812541101287 0.00669934683969214753
-1.914764e-01 1.133331e-01 0.03208519101227164105 -0.08878139002430662785 -0.07667361315163646884 0.00331564024395487964
-7.168430e-02 1.788609e-01 0.11792642771179838446 -0.08473787587969645874 -0.06738137894042338372 0.00318647338900851377
-2.834694e-01 2.371634e-01 0.00384600287799820306 -0.09074286656583607780 -0.08716685842710762688 0.00597072167006103879
-3.492390e-01 3.201843e-01 0.01435612723942033056 -0.10389152705029772172 -0.10285576615011987611 0.00526649659950845488
-5.675653e-01 5.172487e-01 0.33907035385465017496 -0.12794338544118308287 -0.15810847700887276090 0.01585881983412432486
-2.242434e-01 1.535566e-01 -0.05172553600561437259 -0.08812442141221005221 -0.10828312065805288655 0.04382253037339000484
-2.922916e-01 7.285575e-01 1.18268896683363333722 -0.12021155597418101135 -0.16388952736782680386 0.02685616073608276810
-4.197787e-01 3.165660e-01 -0.03276598407888960812 -0.13112505921093506323 -0.15121912525160252638 0.03433251828638565761
-2.609121e-01 3.646677e-01 0.11135856638875299418 -0.13771086613221111827 -0.13117871836833966404 0.02719747388073309735
-3.545383e-01 2.607596e-01 -0.02846869130636983658 -0.12546547268747243464 -0.12841583391853753082 0.02345120596776315708
-1.309948e-01 9.485301e-02 0.03933651826707826316 -0.10474720237062498662 -0.09239917480364763513 0.01072084096843492831
-2.313028e-01 2.372010e-01 0.07030947446257783395 -0.10755445581734682237 -0.09597683817402838380 0.00349142033496119232
-1.590938e-01 1.415731e-01 0.02722921242732739833 -0.09297577688592556511 -0.07897858127668420936 0.00887595579263603801
-2.595847e-01 2.546195e-01 0.00989714074927143354 -0.10182746318541587016 -0.08521622030456163510 0.00335616238596548200
-1.328492e-01 2.320301e-01 0.09097120367641506333 -0.09609975062893134912 -0.07637489539828196117 0.00446571591977512963
-3.773431e-02 1.984085e-01 0.16903307184067317692 -0.09353755072813085825 -0.06070632382477385985 -0.00218687937286686116
-1.996599e-01 2.470089e-01 0.04903719496211466494 -0.09648508628859091274 -0.06915618515438115566 0.00025741051366663035
-8.175607e-02 1.908543e-01 0.13938008155309308811 -0.08949966964318181728 -0.05297491048172356387 -0.00947935856827519796
-1.833585e-01 2.732330e-01 0.09312238819413745650 -0.09764032772248110170 -0.06324925344247363246 -0.01148044299346643975
-2.476260e-01 3.439687e-01 0.06321743756087576382 -0.10927009963298235651 -0.07954752316249154298 -0.00481684441930233919
-1.610378e-01 1.676082e-01 0.07517863894090377752 -0.09380722038535616036 -0.06424145227284033810 -0.00449994628095865684
-9.788175e-02 1.022355e-01 0.08924050608250884420 -0.08607069088121829803 -0.05395435947462341730 -0.00617868525738696044
-1.570134e-01 2.648827e-01 0.10222503857480730316 -0.09331887326068537269 -0.06551544082295866767 -0.00849934295888346396
-1.807690e-01 2.082993e-01 0.07197602268906565237 -0.09201505023539897909 -0.06874247764166328822 -0.00357910584484936881
-2.116286e-01 2.766594e-01 0.06022197345952784442 -0.09900131889470283053 -0.07485021876183241274 0.00048719127090552581
-2.414156e-01 2.368255e-01 0.00070680001046446452 -0.09556373032565892989 -0.07411222250411879375 0.00393197498615846693
-3.158082e-01 3.534307e-01 0.01742853618562131487 -0.11080415240289352707 -0.08636426542266600892 -0.00397532750206210702
-2.048956e-01 4.649294e-01 0.13464709496395257937 -0.12744187540187684737 -0.09238397791124447478 -0.00138068721119565408
-1.968164e-01 3.593024e-01 0.10786721040157259965 -0.12836956958114359439 -0.08264700783593631472 -0.00499071787237659239
-1.400811e-01 3.199771e-01 0.10403347556262487750 -0.12490370272330908463 -0.07271033796332215804 -0.00064604091378431261
-1.062292e-01 2.053338e-01 0.08026779222167310102 -0.10569190536208594722 -0.05512013565248519154 0.00404474871154436848
-1.596851e-01 2.934325e-01 0.10077414303062387502 -0.11505312798809319563 -0.06499679865105412180 -0.00416523893952785908
-1.012860e-01 3.609828e-01 0.16512262325393567419 -0.12027408577251424981 -0.06316364986091044242 0.00494383016034608339
-4.144649e-02 1.427350e-01 0.11685543937318337848 -0.09529857090522282637 -0.03820835445279949227 0.00044296339985437432
-1.185972e-01 8.565015e-02 0.05692048582799600492 -0.07989810770278570062 -0.03495630625327733609 -0.00673887450676414774
-1.991581e-01 1.932509e-01 0.00623982910727814699 -0.08328212483429434099 -0.05085712012021356698 -0.00047405250426015428
-2.187615e-01 2.860550e-01 0.02899813491697988965 -0.09936605816949289904 -0.06564482680856813246 -0.00519502237362946470
-3.260795e-01 1.136375e-01 -0.10007533123251757812 -0.08303820717128594653 -0.06573547351396370753 -0.00189470318524524533
-2.917820e-02 1.951656e-01 0.13063281560480458077 -0.08324221461508722608 -0.04895054114291998160 0.00406042669318633712
-2.140409e-01 1.050343e-01 -0.02523495144636007936 -0.07263002453560737925 -0.05363456445136371986 -0.00105539817874928939
-1.217857e-01 1.946615e-01 0.04609648770177674632 -0.07635797320539450261 -0.05461782620116142906 0.00533381637656769360
-7.919017e-02 4.508120e-02 0.02866563831601822918 -0.05970950292407722904 -0.04038149707973420766 0.00327306924355052781
-1.239806e-01 2.774306e-02 -0.02147788236788475760 -0.05014969615365525574 -0.04177088705662798662 0.00049913178199333455
-1.390456e-01 8.261959e-02 -0.03394459421840641949 -0.05301878518093703502 -0.04931945260319825497 0.00198766165469507544
-1.919420e-01 1.596863e-01 -0.02549374647250883877 -0.06122180628913792555 -0.06069249043208844313 0.00171166884014071845
-1.463784e-01 2.251234e-01 0.02145094765845531604 -0.07095905427526025266 -0.06299603215858061434 0.00523033995804825930
-1.638970e-01 1.578064e-01 -0.01446622944716061815 -0.06316060897898763404 -0.05424800026888866589 0.00310082769339726800
-1.093162e-01 2.036920e-01 0.03681220229867222110 -0.07042949451401615824 -0.05354180253650051707 0.00485759001182040160
-9.333612e-02 2.646074e-01 0.09338427564726116403 -0.07900083946692096348 -0.05254824855582240772 0.00458992363408970011
-1.086577e-01 2.152536e-01 0.08327603552154555500 -0.07711297243689868575 -0.04685335470741616715 0.00117157079847284235
-4.959734e-02 2.197731e-01 0.13489975639205289970 -0.07604193497623232267 -0.04102468646685625275 -0.00049458292071237128
-1.188175e-01 3.577405e-01 0.13661822695504455272 -0.09813947514720425258 -0.05551199709890475287 -0.00163072837178933274
-1.896453e-01 4.080863e-01 0.11131946029198427905 -0.11986759368168638240 -0.07222992443012958563 -0.00721801051699471827
-1.506770e-01 3.592643e-01 0.13187244121126293073 -0.11559496807256315620 -0.05526203087175030060 -0.00673203814754551755
-1.304712e-01 2.002710e-01 0.09897557116995918391 -0.09806134366858190732 -0.04434575207681889369 -0.00091800815785537330
-1.916018e-01 2.850853e-01 0.07426452506248243379 -0.10549176132810070272 -0.05871362377292062285 -0.00144965507930292447
-1.923070e-01 4.026943e-01 0.13851830282906457681 -0.12684607036374917488 -0.06789607150665034896 -0.00999364258053198409
-1.874650e-01 1.530272e-01 0.02732381816478987244 -0.09808036374268813695 -0.05562322513875686547 -0.00188242592757999292
-1.726269e-01 4.556318e-01 0.19544557852295482703 -0.14304900418431529263 -0.08674676661707692027 -0.01549020944944906088
-7.046980e-02 3.928704e-01 0.18351761662616858373 -0.12850144757879577995 -0.05271439506864381008 -0.00542132219905606602
-8.329331e-02 1.406815e-01 0.09247166930621188163 -0.09467230666796755401 -0.03596418117012874921 0.00274695831957384945
-9.992288e-02 3.802458e-01 0.15004802107517298260 -0.12585334249507637572 -0.05872470021678923013 -0.00504343625406997609
-1.088202e-01 7.108810e-02 0.05920983478769532848 -0.08305785069605345350 -0.03400508631392955977 -0.00104940247559982998
-1.254640e-01 3.928136e-01 0.12032791802802056402 -0.11661929257089775902 -0.05757289469733221227 -0.00415771890209653498
-1.117434e-01 2.273949e-01 0.08000818406787345294 -0.10252628606172303760 -0.04490817419439954022 -0.00077580519316152038
-6.905562e-02 3.273112e-01 0.13391703806875196459 -0.11460954343659585097 -0.04525917299950373007 -0.00191139475618662142
-8.016631e-02 1.567711e-01 0.06009967392762394223 -0.08980953859133686268 -0.03328983333089363672 0.00594265327158636017
-1.172736e-01 1.393696e-01 0.04062542437220889591 -0.08231585695139155556 -0.03632210206954000764 0.00206056851074985174
-1.465934e-01 1.272991e-01 0.00857181955607251578 -0.07652497615694953126 -0.03907797493836510233 0.00014478342366022051
-1.676379e-01 2.176602e-01 0.01217699219156139281 -0.08317667018559035674 -0.04918808508347162489 0.00303214864435204104
-8.459883e-02 2.721996e-01 0.06458459081515052769 -0.09099290369506221610 -0.04595922764093963303 0.00560082223610422394
-1.154777e-01 3.162803e-01 0.07580556059843726602 -0.10356306165537708386 -0.05505225906955666521 0.00089638794695466324
-1.606804e-01 1.430975e-01 0.00091813728715752223 -0.08730657444657807797 -0.04899211954615221437 -0.00172556194816840709
-2.201535e-01 1.586781e-01 -0.04139075880757253634 -0.08664665342288091487 -0.05956045957772293509 0.00023348068523961103
-2.164545e-01 1.342735e-01 -0.06320650891060507204 -0.07960045471789427285 -0.05861639839170437738 0.00459859448009853396
-1.532010e-01 1.473501e-01 -0.04266342239927605612 -0.07812683198093217651 -0.05805803530765757392 0.00956836519568304671
-6.338323e-01 3.837766e-01 0.96923758788752345517 -0.11966421681026739865 -0.15808431985447399248 -0.06750847756548712664
-1.154449e-01 2.502418e-01 -0.03773300182804243535 -0.08254562134903714599 -0.08642120839577316360 0.02755552516811097391
-1.281061e-01 2.801464e-01 -0.01219133416258451341 -0.09147185827599406405 -0.08142888853378718594 0.01812295383886695574
-3.130715e-01 1.163941e-01 -0.14469877061288249909 -0.07512806077729067278 -0.07649421801379063801 0.01229099170371542732
-2.271310e-01 2.080086e-01 -0.08124773504345682296 -0.08566289793978507094 -0.08533774331930717161 0.01607287044220302025
-2.380043e-01 1.574304e-01 -0.09715851599472702382 -0.08156042251102475771 -0.08398968894390956841 0.01348495927975419673
-8.290801e-01 4.999482e-01 1.12990674764696619192 -0.12672145894283984302 -0.19375384844464674239 -0.06329092307407485629
-4.101299e-01 4.966495e-01 0.29030643869391481449 -0.12683451382083985037 -0.17315773376802653938 -0.01310497492307094794
-8.038681e-01 4.242762e-01 0.90034236408351930869 -0.11729715794565445663 -0.21280003206941647265 -0.03011944283271033793
-4.691026e-01 2.599688e-01 -0.35640514817216351062 -0.08934336658298189238 -0.17966873233814323330 0.06504211253492632461
-7.621322e-01 5.629671e-01 0.57908895591291964511 -0.14628144862321851294 -0.24316239960498908790 -0.00946369624890595201
-5.458769e-01 2.000849e-01 -0.45716896628742836883 -0.09331786704206869454 -0.18080530540075767654 0.08663502876383435969
-4.810407e-01 4.047190e-01 0.34639218470536026206 -0.14225775807517371252 -0.21974314715424736466 0.02218881279632808901
-5.705127e-01 2.934317e-01 -0.43589434369719620710 -0.11657693907978435022 -0.18886229729283057766 0.07303596675326204379
-3.469585e-01 2.296422e-01 -0.24748606540345330362 -0.11882331227555137376 -0.17900029501538325394 0.07284904396569316654
-4.614400e-01 2.937134e-01 -0.29462852276754974978 -0.13087174528457470868 -0.17225493286854520747 0.06335416840026412977
-3.126867e-01 2.661283e-01 0.34995388101522961755 -0.14177794378756911065 -0.18326602723818782859 0.02803543203938562919
-3.492707e-01 2.811132e-01 -0.17099711701145597909 -0.12568141177290120813 -0.16281883577604361335 0.05257660654578395765
-5.345161e-01 3.212828e-01 0.59982483293642430144 -0.13201571072885728841 -0.18636711359115401554 0.00364496533132235801
-3.437847e-01 2.905881e-01 -0.17862233469935656638 -0.11892931993534777702 -0.16604353666342056006 0.05071865971587261740
-4.340131e-01 1.770289e-01 0.49202201302758985513 -0.11240991924741415564 -0.18128655404255164529 0.01205551482146355324
-3.620153e-01 1.766179e-01 0.35717822880211552716 -0.09647756494843716391 -0.16918962189869790613 0.01748587099683818549
-3.627820e-01 1.438693e-01 0.35996877167636726069 -0.07879193714466546650 -0.16094683744670343351 0.01986595342559751773
-4.924683e-01 1.876500e-01 0.43936845281388614559 -0.06778480669176976947 -0.16737928332341084348 0.01757892568550436033
-5.028727e-01 2.827094e-01 -0.38061481047946754686 -0.08681851613708879700 -0.17839529326219999428 0.05321536739632658913
-4.243957e-01 2.075080e-01 0.30666784973217287025 -0.08385860810156249567 -0.17280727562538744646 0.03146201749543805354
-6.021686e-01 2.661900e-01 0.46090736595979653334 -0.08163865478787157848 -0.18788072522513848961 0.02043681635615469255
-1.357524e-01 1.643191e-01 -0.08432151120540079536 -0.06965574626899084798 -0.14328250136629028244 0.06857116911371358148
-4.669007e-01 2.090865e-01 0.21827706521713025056 -0.08106053089282794222 -0.18005486876246723504 0.02559750996772326703
-3.410990e-01 1.266325e-01 0.21305911771537811017 -0.06214846123084896701 -0.15734026923154911803 0.03914119904814090944
-3.210873e-01 1.459633e-01 0.16010051437372435634 -0.05313524598109006791 -0.13972615715122857494 0.04159185605028625776
-2.313259e-01 1.555444e-01 0.02155521913319112873 -0.05516600339869572045 -0.13057339192053238341 0.04488022712990495655
-4.417877e-01 1.746648e-01 -0.37046166805594177296 -0.06879842480490942769 -0.15030241176867528696 0.04910609580008196140
-3.089835e-01 1.109270e-01 0.16351981719754604683 -0.06265583831616582111 -0.13858755726274887832 0.03815220504392033418
-2.458304e-01 1.212807e-01 0.08419535451536899751 -0.05835164059053077334 -0.12594347782058532004 0.03780496535961854615
-2.723120e-01 1.295902e-01 0.08340294659334727967 -0.05624516993545557869 -0.12107824893613966521 0.03264654610485013403
-2.786949e-01 9.947147e-02 0.13261621520804012242 -0.04671749578106918627 -0.11410652712158877997 0.03211181176829620149
-3.422456e-01 1.136348e-01 0.13802190949790782426 -0.04711023900967632044 -0.12469218179954472125 0.02622737745292590128
-4.336017e-01 1.258365e-01 -0.37386842841150058625 -0.05778752600787630256 -0.14018672695489459157 0.03996301857774148952
-2.425965e-01 9.635050e-02 0.11142314818880383331 -0.04800687633613215377 -0.11301116836517120789 0.03813654592200792920
-2.418566e-01 1.026771e-01 0.08447920954828423701 -0.04421487682902131011 -0.10718481374250046767 0.03399182047527603973
-2.418780e-01 8.534087e-02 0.08992614551331305772 -0.03982545882799373715 -0.10456779269723680270 0.03240056952489549225
-3.239045e-01 9.941350e-02 0.09726678056878340639 -0.04266947474052412703 -0.11848869565336335452 0.02446531928874117953
-3.291272e-01 6.633215e-02 0.13306653243328836478 -0.03502405445835458236 -0.12473365216559886837 0.02445945286836444243
-2.828881e-01 5.816947e-02 0.11240072815255480743 -0.02614879634255653021 -0.11475211620445842364 0.02716920049071491761
-1.652240e-01 7.643144e-02 -0.05938440537891383209 -0.02489649239082983301 -0.09766682592089062642 0.03390796174925692075
-2.818556e-01 7.156064e-02 -0.28541281763866604981 -0.03002931731327869447 -0.10208113280705555237 0.03697442614867759575
-1.765160e-01 1.023641e-01 -0.10807555434234826508 -0.04277502460943658630 -0.09644356416710597735 0.03153525401670122935
-1.918216e-01 1.108064e-01 -0.09289597947879069118 -0.04590590409850694997 -0.09107373290334444538 0.02985396134283545277
-2.074400e-01 7.352162e-02 0.02110863733323460265 -0.04130733092443631543 -0.08723984454136059219 0.02961658503624946606
-1.734049e-01 4.404243e-02 -0.00435014603365826459 -0.03615423635652088158 -0.08720764753707221928 0.02859016400190367291
-1.631116e-01 4.941847e-02 -0.00106606415818303810 -0.03190759121436369944 -0.07735163787965992910 0.02829740549831960550
-9.819728e-02 4.826445e-02 -0.07283816321838083863 -0.02968337751509042555 -0.06444902479804576201 0.03409634824034078748
-1.361761e-01 4.273023e-02 0.00034380953821811985 -0.02878716833104942585 -0.06312789627134632320 0.02533734933967959901
-2.399386e-01 1.819879e-02 0.12714678535639623025 -0.02053582707551492026 -0.06921150621907025402 0.01786390126192114250
-2.160784e-01 2.482603e-02 0.09476199937703765064 -0.01647286771103898331 -0.07036218523326752405 0.01862953932659417236
-1.723674e-01 3.743574e-02 0.03449882112039322907 -0.01508102723111991519 -0.06984315135317951950 0.01927293365495821170
-2.260048e-01 6.113513e-02 0.02191299406053933210 -0.01902390976363160444 -0.07528454050422184185 0.01605734926060315912
-2.356349e-01 8.489446e-02 -0.03582857588133566556 -0.02585704161288722436 -0.07842541191174175197 0.01685020208915547629
-2.037882e-01 8.321246e-02 -0.05386141576838106293 -0.02889316584893020928 -0.07720960941630436447 0.02097283887355778226
-1.853834e-01 4.983525e-02 0.00300698177749006944 -0.02481949744919873663 -0.07368161940009761157 0.02489476818002730671
-2.074839e-01 5.861554e-02 -0.00983902367167269545 -0.02635292481109666879 -0.07723393384444915410 0.02163747319290235463
-1.411851e-01 5.028429e-02 -0.01626500284240984737 -0.02280170919515362576 -0.06616584219633263320 0.02862992482786744231
-1.378536e-01 3.178275e-02 0.00381934634342425425 -0.01944759242518348877 -0.06218168399123241014 0.02750033786598349989
-1.527073e-01 4.094630e-02 -0.01911563214133674138 -0.02147837619283421776 -0.06430882935638068676 0.02294008402745556507
-2.215283e-01 6.499866e-02 -0.05713954281203292851 -0.02934482904156915026 -0.07550218638344287359 0.01606151881174177481
-1.970479e-01 6.393612e-02 -0.06937441106057744278 -0.03078495370241141754 -0.07563341727169133055 0.01957550500950252029
-1.867797e-01 5.863132e-02 -0.09032611967919818019 -0.03376966686273731588 -0.07539863670219472402 0.02262115697424241581
-1.747010e-01 5.418523e-02 -0.06531507505358433163 -0.03273453949999965279 -0.07246848560048539667 0.02425905055576106639
-1.602087e-01 5.260668e-02 -0.04036950660667190660 -0.03169168866574634258 -0.06745628380329342366 0.02437418877280372181
-1.623366e-01 5.286652e-02 -0.04290113232273046195 -0.03180255743096723625 -0.06647283735702678997 0.02236251517756885493
-1.555463e-01 4.113060e-02 -0.02797282683751162180 -0.02931502144232446538 -0.06687171578568523733 0.02191847308243658962
-1.146741e-01 3.222419e-02 -0.01990900213105567529 -0.02504724456999980753 -0.05602586939593491577 0.02654468586088677695
-9.934751e-02 3.667660e-02 -0.05253809902972533807 -0.02449116398810136791 -0.05133957636063277152 0.02298315769461091451
-1.377022e-01 3.682065e-02 -0.03146144709561963376 -0.02550364139635688185 -0.05454949883659435117 0.01873586798558017630
-1.095887e-01 3.555500e-02 -0.03829033318879107584 -0.02399350749282742543 -0.04917531436457085042 0.01902053052854524307
-1.319380e-01 3.472422e-02 -0.03124499611744338198 -0.02494595322479453703 -0.05084678070996845323 0.01524400838519321226
-1.345989e-01 3.944087e-02 -0.04250479825080519247 -0.02493863934055292469 -0.05035122294190518683 0.01556380799627336310
-1.371292e-01 3.348711e-02 -0.02061237367790270947 -0.02282514729548552543 -0.04810660692525910165 0.01647586530679447797
-1.458215e-01 3.641992e-02 -0.02502987701696566397 -0.02326364426044773281 -0.05123521330937266804 0.01549908501958465259
-1.539443e-01 3.497669e-02 -0.01647963934371054345 -0.02304709233403634538 -0.05472458083027778586 0.01576183176734994446
-1.384793e-01 4.025146e-02 -0.03254653067260250554 -0.02339335565030040143 -0.05410544839412950724 0.01648821473807245142
-1.174949e-01 1.803178e-02 -0.02695957698132129404 -0.02035516529011048570 -0.05378579409596459526 0.01743883976226983865
-1.205658e-01 2.503158e-02 -0.02373687916735759545 -0.01926993963168182472 -0.05163683249336939451 0.01461298458683619322
-9.415828e-02 2.195009e-02 -0.03708725732816230830 -0.01735863653210370505 -0.04633640366727623250 0.01542436350866630869
-9.784594e-02 1.972153e-02 -0.01671224259630843187 -0.01578511579019064789 -0.04303267304506707552 0.01401914858114073487
-1.040368e-01 3.001970e-02 -0.03613533168182671979 -0.01735339373270259472 -0.04347451549156348266 0.01218342908023487686
-6.925590e-02 1.823706e-02 -0.01782487460868327836 -0.01410269781489159428 -0.03613789019129409058 0.01541590455797805896
-7.796116e-02 1.535925e-02 -0.00837410791907016935 -0.01189666324325475144 -0.03409979402716148411 0.01344976632089162419
-8.931162e-02 1.887529e-02 -0.01254732570594200430 -0.01328655808207913208 -0.03566868354252752948 0.01218364931393476139
-7.938271e-02 1.858176e-02 -0.01827506878217557626 -0.01266899515886261984 -0.03395019003056583967 0.01228650779178151048
-7.631207e-02 1.980337e-02 -0.02055580237328057461 -0.01259542180676679994 -0.03248830799391443785 0.01192943998054428467
-6.802086e-02 1.109273e-02 -0.00607603369586331207 -0.01022472112787707263 -0.03010857891090247540 0.01227730480907395297
-6.344749e-02 1.219911e-02 -0.01269889400300964338 -0.00924907472927183165 -0.02859453347864679418 0.01173688541967714272
-5.623287e-02 1.576168e-02 -0.02570786730481738544 -0.00979635540548406090 -0.02697561000128323103 0.01048525546015735034
-5.399091e-02 1.323753e-02 -0.02230604470114940993 -0.00935205367568191746 -0.02434168076271326503 0.00986544982763849949
-4.307951e-02 1.423527e-02 -0.03393042572897686515 -0.00922813805138740506 -0.02229461825584277967 0.00991404640602504446
-5.216194e-02 7.870135e-03 -0.01754194293790721504 -0.00783578829705310932 -0.02233849693795364813 0.00839020826998776621
-4.592781e-02 8.700689e-03 -0.02180540675680509022 -0.00790750500934096767 -0.02124004122157760119 0.00739706551236717080
-5.326053e-02 4.023040e-03 -0.01483435577358226468 -0.00748972820138108300 -0.02129165026343395745 0.00636856584754190436
-5.160149e-02 2.936756e-03 -0.01956818523336005880 -0.00687172310908507489 -0.02161502399046207057 0.00567662539632925785
-5.435080e-02 2.355914e-03 -0.01173054326449222105 -0.00626017159751863540 -0.02149118528035573808 0.00540719119765294565
-4.646627e-02 2.182168e-03 -0.02078997110208568450 -0.00520670217768715721 -0.02025302460009593616 0.00640935058655899871
-4.342236e-02 1.694254e-03 -0.01851741810336808222 -0.00488892830880310533 -0.01921444257960323171 0.00601772931993253303
-4.284348e-02 1.997667e-03 -0.02082868225210728411 -0.00462529379168778471 -0.01877275182907478177 0.00629098559626232318
-5.034687e-02 2.186950e-03 -0.00909368082381424928 -0.00455781965624278956 -0.01965142067241075138 0.00472112109634774402
-5.025034e-02 2.410453e-03 -0.00528609519130481507 -0.00450538941119695089 -0.01955666482743709592 0.00496850374679351763
-4.536611e-02 4.132139e-03 -0.01371282353165971871 -0.00417190539581857502 -0.01888151232872261470 0.00536783902627765378
-4.112699e-02 3.910532e-03 -0.01592283233411911220 -0.00415092423461834066 -0.01811100071297425812 0.00592548980975158169
-4.261149e-02 4.450101e-03 -0.01657686325126612320 -0.00453465598959928561 -0.01846948721264498119 0.00508844190922957962
-6.256090e-02 -8.910922e-03 -0.09827161044436066861 -0.00557184795921830938 -0.01975320671804050437 0.00645649564100593282
-6.222836e-02 7.786104e-03 -0.06336284635794292575 -0.00833926203275757970 -0.02165569194460485042 0.00464200004498103135
-4.343604e-02 8.421636e-03 -0.03514133847057304000 -0.00709535029773241191 -0.01853167911058737141 0.00643471715068494668
-7.994806e-02 7.160711e-03 -0.09921279433482133037 -0.01052573060250026199 -0.02167821459529527955 0.00575214304467191757
