1.00000000 0.00000000 0.00000000 0.000000e+00 0.000000e+00 0.000000e+00 1.000000e+00
0.82746649 -0.34446591 -0.53849661 2.722234e-02 5.196419e-02 5.895575e-03 9.982604e-01
0.82746649 -0.34446591 -0.53849661 2.722234e-02 5.196419e-02 5.895575e-03 9.982604e-01
0.82229793 -0.39097971 -0.55404216 4.949061e-02 9.732026e-02 1.214025e-02 9.939477e-01
0.82229793 -0.39097971 -0.55404216 4.949061e-02 9.732026e-02 1.214025e-02 9.939477e-01
0.83632445 -0.47503784 -0.69756716 7.428255e-02 1.422474e-01 1.518702e-02 9.869230e-01
0.83632445 -0.47503784 -0.69756716 7.428255e-02 1.422474e-01 1.518702e-02 9.869230e-01
0.82721967 -0.51528782 -0.73072928 9.485365e-02 1.775835e-01 2.129892e-02 9.792922e-01
0.82721967 -0.51528782 -0.73072928 9.485365e-02 1.775835e-01 2.129892e-02 9.792922e-01
0.81660080 -0.56512135 -0.74974853 1.129829e-01 2.034311e-01 2.878366e-02 9.721225e-01
0.81660080 -0.56512135 -0.74974853 1.129829e-01 2.034311e-01 2.878366e-02 9.721225e-01
0.80508906 -0.58136344 -0.73386633 1.284839e-01 2.221931e-01 3.276650e-02 9.659444e-01
0.80508906 -0.58136344 -0.73386633 1.284839e-01 2.221931e-01 3.276650e-02 9.659444e-01
0.79724306 -0.61120856 -0.72488642 1.413487e-01 2.387628e-01 3.898049e-02 9.599445e-01
0.79724306 -0.61120856 -0.72488642 1.413487e-01 2.387628e-01 3.898049e-02 9.599445e-01
0.78014189 -0.62215436 -0.68063569 1.508543e-01 2.470979e-01 3.988805e-02 9.563444e-01
0.78014189 -0.62215436 -0.68063569 1.508543e-01 2.470979e-01 3.988805e-02 9.563444e-01
0.77361834 -0.63941872 -0.66323608 1.587594e-01 2.566590e-01 4.526331e-02 9.522987e-01
0.77361834 -0.63941872 -0.66323608 1.587594e-01 2.566590e-01 4.526331e-02 9.522987e-01
0.75563228 -0.65487468 -0.62661469 1.652084e-01 2.629636e-01 4.750139e-02 9.493682e-01
0.75563228 -0.65487468 -0.62661469 1.652084e-01 2.629636e-01 4.750139e-02 9.493682e-01
0.74215102 -0.66954833 -0.59498501 1.716329e-01 2.688431e-01 5.015409e-02 9.464408e-01
0.74215102 -0.66954833 -0.59498501 1.716329e-01 2.688431e-01 5.015409e-02 9.464408e-01
0.71482688 -0.67513269 -0.51795161 1.755496e-01 2.691731e-01 4.895889e-02 9.456909e-01
0.71482688 -0.67513269 -0.51795161 1.755496e-01 2.691731e-01 4.895889e-02 9.456909e-01
0.68740720 -0.68158686 -0.44392455 1.787298e-01 2.683311e-01 4.658346e-02 9.454545e-01
0.68740720 -0.68158686 -0.44392455 1.787298e-01 2.683311e-01 4.658346e-02 9.454545e-01
0.66562557 -0.68528080 -0.40041745 1.798439e-01 2.650210e-01 4.202192e-02 9.463902e-01
0.66562557 -0.68528080 -0.40041745 1.798439e-01 2.650210e-01 4.202192e-02 9.463902e-01
0.62983656 -0.68516749 -0.32382596 1.794081e-01 2.596430e-01 3.584148e-02 9.482161e-01
0.62983656 -0.68516749 -0.32382596 1.794081e-01 2.596430e-01 3.584148e-02 9.482161e-01
0.59218287 -0.68449157 -0.25397149 1.777617e-01 2.540923e-01 3.232303e-02 9.501543e-01
0.59218287 -0.68449157 -0.25397149 1.777617e-01 2.540923e-01 3.232303e-02 9.501543e-01
0.57149106 -0.68240029 -0.22570223 1.758743e-01 2.487880e-01 2.923896e-02 9.520073e-01
0.57149106 -0.68240029 -0.22570223 1.758743e-01 2.487880e-01 2.923896e-02 9.520073e-01
0.55013126 -0.68171299 -0.19678502 1.735252e-01 2.438479e-01 2.723353e-02 9.537744e-01
0.55013126 -0.68171299 -0.19678502 1.735252e-01 2.438479e-01 2.723353e-02 9.537744e-01
0.52184445 -0.67913944 -0.16848466 1.707308e-01 2.388810e-01 2.606330e-02 9.555666e-01
0.52184445 -0.67913944 -0.16848466 1.707308e-01 2.388810e-01 2.606330e-02 9.555666e-01
0.51024705 -0.68010354 -0.15375981 1.693541e-01 2.353452e-01 2.465306e-02 9.567257e-01
0.51024705 -0.68010354 -0.15375981 1.693541e-01 2.353452e-01 2.465306e-02 9.567257e-01
0.49621788 -0.68054408 -0.13689108 1.681229e-01 2.322401e-01 2.304625e-02 9.577411e-01
0.49621788 -0.68054408 -0.13689108 1.681229e-01 2.322401e-01 2.304625e-02 9.577411e-01
0.48075762 -0.68142360 -0.11803257 1.674865e-01 2.300272e-01 2.164905e-02 9.584190e-01
0.48075762 -0.68142360 -0.11803257 1.674865e-01 2.300272e-01 2.164905e-02 9.584190e-01
0.45973080 -0.67963266 -0.08843996 1.667252e-01 2.270745e-01 1.934906e-02 9.593046e-01
0.45973080 -0.67963266 -0.08843996 1.667252e-01 2.270745e-01 1.934906e-02 9.593046e-01
0.44258720 -0.67906719 -0.06961281 1.653297e-01 2.241395e-01 1.827200e-02 9.602570e-01
0.44258720 -0.67906719 -0.06961281 1.653297e-01 2.241395e-01 1.827200e-02 9.602570e-01
0.42702705 -0.67745680 -0.04977788 1.645951e-01 2.215026e-01 1.678993e-02 9.610218e-01
0.42702705 -0.67745680 -0.04977788 1.645951e-01 2.215026e-01 1.678993e-02 9.610218e-01
0.40536839 -0.67287308 -0.02044681 1.632874e-01 2.177660e-01 1.499883e-02 9.621278e-01
0.40536839 -0.67287308 -0.02044681 1.632874e-01 2.177660e-01 1.499883e-02 9.621278e-01
0.38562888 -0.66675794 -0.00334771 1.605626e-01 2.134472e-01 1.416461e-02 9.635658e-01
0.38562888 -0.66675794 -0.00334771 1.605626e-01 2.134472e-01 1.416461e-02 9.635658e-01
0.37444922 -0.66332090 0.00274360 1.583376e-01 2.100714e-01 1.375701e-02 9.646811e-01
0.37444922 -0.66332090 0.00274360 1.583376e-01 2.100714e-01 1.375701e-02 9.646811e-01
0.36287755 -0.66030902 0.00994721 1.564943e-01 2.070225e-01 1.402732e-02 9.656366e-01
0.36287755 -0.66030902 0.00994721 1.564943e-01 2.070225e-01 1.402732e-02 9.656366e-01
0.35238177 -0.65721714 0.01843098 1.554508e-01 2.045236e-01 1.370044e-02 9.663421e-01
0.35238177 -0.65721714 0.01843098 1.554508e-01 2.045236e-01 1.370044e-02 9.663421e-01
0.34177452 -0.65391999 0.02306950 1.539090e-01 2.018948e-01 1.397908e-02 9.671374e-01
0.34177452 -0.65391999 0.02306950 1.539090e-01 2.018948e-01 1.397908e-02 9.671374e-01
0.33155614 -0.65114945 0.02596645 1.523005e-01 1.995498e-01 1.528944e-02 9.678586e-01
0.33155614 -0.65114945 0.02596645 1.523005e-01 1.995498e-01 1.528944e-02 9.678586e-01
0.32086369 -0.64836770 0.03043579 1.510563e-01 1.975128e-01 1.673706e-02 9.684473e-01
0.32086369 -0.64836770 0.03043579 1.510563e-01 1.975128e-01 1.673706e-02 9.684473e-01
0.30871946 -0.64534384 0.03751076 1.500503e-01 1.953965e-01 1.775751e-02 9.690146e-01
0.30871946 -0.64534384 0.03751076 1.500503e-01 1.953965e-01 1.775751e-02 9.690146e-01
0.29681632 -0.64209580 0.04544033 1.491480e-01 1.932465e-01 1.850926e-02 9.695708e-01
0.29681632 -0.64209580 0.04544033 1.491480e-01 1.932465e-01 1.850926e-02 9.695708e-01
0.28414857 -0.63770759 0.05582854 1.482446e-01 1.907078e-01 1.840506e-02 9.702138e-01
0.28414857 -0.63770759 0.05582854 1.482446e-01 1.907078e-01 1.840506e-02 9.702138e-01
0.27249122 -0.63354319 0.06558267 1.474971e-01 1.884246e-01 1.823767e-02 9.707768e-01
0.27249122 -0.63354319 0.06558267 1.474971e-01 1.884246e-01 1.823767e-02 9.707768e-01
0.26050267 -0.62841088 0.07405920 1.464566e-01 1.859304e-01 1.774809e-02 9.714241e-01
0.26050267 -0.62841088 0.07405920 1.464566e-01 1.859304e-01 1.774809e-02 9.714241e-01
0.25003123 -0.62432522 0.08093780 1.456583e-01 1.838352e-01 1.739538e-02 9.719491e-01
0.25003123 -0.62432522 0.08093780 1.456583e-01 1.838352e-01 1.739538e-02 9.719491e-01
0.24013904 -0.62061900 0.08352022 1.448483e-01 1.824226e-01 1.792608e-02 9.723266e-01
0.24013904 -0.62061900 0.08352022 1.448483e-01 1.824226e-01 1.792608e-02 9.723266e-01
0.23011328 -0.61693096 0.08866178 1.441302e-01 1.807586e-01 1.793645e-02 9.727438e-01
0.23011328 -0.61693096 0.08866178 1.441302e-01 1.807586e-01 1.793645e-02 9.727438e-01
0.21969585 -0.61313421 0.09515201 1.435090e-01 1.790646e-01 1.772130e-02 9.731528e-01
0.21969585 -0.61313421 0.09515201 1.435090e-01 1.790646e-01 1.772130e-02 9.731528e-01
0.21030168 -0.60967976 0.09800749 1.430413e-01 1.780449e-01 1.764584e-02 9.734101e-01
0.21030168 -0.60967976 0.09800749 1.430413e-01 1.780449e-01 1.764584e-02 9.734101e-01
0.20284279 -0.60651219 0.09742556 1.422191e-01 1.769186e-01 1.815501e-02 9.737265e-01
0.20284279 -0.60651219 0.09742556 1.422191e-01 1.769186e-01 1.815501e-02 9.737265e-01
0.19234519 -0.60224032 0.10359849 1.415723e-01 1.752357e-01 1.823756e-02 9.741234e-01
0.19234519 -0.60224032 0.10359849 1.415723e-01 1.752357e-01 1.823756e-02 9.741234e-01
0.18255948 -0.59797788 0.10760576 1.409140e-01 1.738275e-01 1.841614e-02 9.744677e-01
0.18255948 -0.59797788 0.10760576 1.409140e-01 1.738275e-01 1.841614e-02 9.744677e-01
0.17540453 -0.59493756 0.10900500 1.401343e-01 1.724990e-01 1.908882e-02 9.748032e-01
0.17540453 -0.59493756 0.10900500 1.401343e-01 1.724990e-01 1.908882e-02 9.748032e-01
0.16741210 -0.59138203 0.11175639 1.393069e-01 1.710075e-01 1.938989e-02 9.751786e-01
0.16741210 -0.59138203 0.11175639 1.393069e-01 1.710075e-01 1.938989e-02 9.751786e-01
0.15699151 -0.58638561 0.11905048 1.382840e-01 1.687252e-01 1.913246e-02 9.757267e-01
0.15699151 -0.58638561 0.11905048 1.382840e-01 1.687252e-01 1.913246e-02 9.757267e-01
0.14797638 -0.58152938 0.12226081 1.372723e-01 1.668774e-01 1.904309e-02 9.761890e-01
0.14797638 -0.58152938 0.12226081 1.372723e-01 1.668774e-01 1.904309e-02 9.761890e-01
0.14067492 -0.57717937 0.12231620 1.364350e-01 1.656091e-01 1.928162e-02 9.765176e-01
0.14067492 -0.57717937 0.12231620 1.364350e-01 1.656091e-01 1.928162e-02 9.765176e-01
0.13223520 -0.57263672 0.12231976 1.357077e-01 1.645524e-01 1.959546e-02 9.767913e-01
0.13223520 -0.57263672 0.12231976 1.357077e-01 1.645524e-01 1.959546e-02 9.767913e-01
0.12430298 -0.56845683 0.12389304 1.347544e-01 1.630905e-01 1.981455e-02 9.771640e-01
0.12430298 -0.56845683 0.12389304 1.347544e-01 1.630905e-01 1.981455e-02 9.771640e-01
0.11861937 -0.56531602 0.12318217 1.339326e-01 1.619908e-01 2.019966e-02 9.774520e-01
0.11861937 -0.56531602 0.12318217 1.339326e-01 1.619908e-01 2.019966e-02 9.774520e-01
0.11325120 -0.56229919 0.12291272 1.332086e-01 1.609497e-01 2.042194e-02 9.777183e-01
0.11325120 -0.56229919 0.12291272 1.332086e-01 1.609497e-01 2.042194e-02 9.777183e-01
0.10587018 -0.55738401 0.12557334 1.323346e-01 1.593195e-01 1.987012e-02 9.781153e-01
0.10587018 -0.55738401 0.12557334 1.323346e-01 1.593195e-01 1.987012e-02 9.781153e-01
0.09954794 -0.55273259 0.12525918 1.312895e-01 1.578553e-01 1.960790e-02 9.784987e-01
0.09954794 -0.55273259 0.12525918 1.312895e-01 1.578553e-01 1.960790e-02 9.784987e-01
0.09413703 -0.54839152 0.12419569 1.303178e-01 1.565837e-01 1.930067e-02 9.788390e-01
0.09413703 -0.54839152 0.12419569 1.303178e-01 1.565837e-01 1.930067e-02 9.788390e-01
0.08967171 -0.54384863 0.11622869 1.296952e-01 1.560506e-01 1.971689e-02 9.789985e-01
0.08967171 -0.54384863 0.11622869 1.296952e-01 1.560506e-01 1.971689e-02 9.789985e-01
0.08085158 -0.53791469 0.12376226 1.292269e-01 1.542330e-01 1.811261e-02 9.793794e-01
0.08085158 -0.53791469 0.12376226 1.292269e-01 1.542330e-01 1.811261e-02 9.793794e-01
0.07802696 -0.53402954 0.11777096 1.281658e-01 1.532256e-01 1.838799e-02 9.796718e-01
0.07802696 -0.53402954 0.11777096 1.281658e-01 1.532256e-01 1.838799e-02 9.796718e-01
0.07104831 -0.52708262 0.11635274 1.275995e-01 1.522515e-01 1.783177e-02 9.799078e-01
0.07104831 -0.52708262 0.11635274 1.275995e-01 1.522515e-01 1.783177e-02 9.799078e-01
0.06416873 -0.52088791 0.12050267 1.271168e-01 1.508256e-01 1.597747e-02 9.802230e-01
0.06416873 -0.52088791 0.12050267 1.271168e-01 1.508256e-01 1.597747e-02 9.802230e-01
0.06614906 -0.52047145 0.10877574 1.264012e-01 1.509756e-01 1.714963e-02 9.802726e-01
0.06614906 -0.52047145 0.10877574 1.264012e-01 1.509756e-01 1.714963e-02 9.802726e-01
0.06209942 -0.51730257 0.10722777 1.258982e-01 1.503014e-01 1.695983e-02 9.804442e-01
0.06209942 -0.51730257 0.10722777 1.258982e-01 1.503014e-01 1.695983e-02 9.804442e-01
0.06091217 -0.51503986 0.10093507 1.252599e-01 1.499696e-01 1.734305e-02 9.805700e-01
0.06091217 -0.51503986 0.10093507 1.252599e-01 1.499696e-01 1.734305e-02 9.805700e-01
0.05709941 -0.51223630 0.09957718 1.248194e-01 1.493734e-01 1.736070e-02 9.807168e-01
0.05709941 -0.51223630 0.09957718 1.248194e-01 1.493734e-01 1.736070e-02 9.807168e-01
0.05286346 -0.50916415 0.09880194 1.244967e-01 1.488450e-01 1.728148e-02 9.808395e-01
0.05286346 -0.50916415 0.09880194 1.244967e-01 1.488450e-01 1.728148e-02 9.808395e-01
0.05020437 -0.50674105 0.09614872 1.241273e-01 1.484289e-01 1.747181e-02 9.809460e-01
0.05020437 -0.50674105 0.09614872 1.241273e-01 1.484289e-01 1.747181e-02 9.809460e-01
0.04798499 -0.50504917 0.09265131 1.238325e-01 1.482317e-01 1.787702e-02 9.810058e-01
0.04798499 -0.50504917 0.09265131 1.238325e-01 1.482317e-01 1.787702e-02 9.810058e-01
0.04065068 -0.49947774 0.09807242 1.234698e-01 1.470797e-01 1.658175e-02 9.812476e-01
0.04065068 -0.49947774 0.09807242 1.234698e-01 1.470797e-01 1.658175e-02 9.812476e-01
0.03942123 -0.49782220 0.09029952 1.228729e-01 1.469682e-01 1.727559e-02 9.813273e-01
0.03942123 -0.49782220 0.09029952 1.228729e-01 1.469682e-01 1.727559e-02 9.813273e-01
0.02744754 -0.49076927 0.10197510 1.224028e-01 1.453190e-01 1.556549e-02 9.816602e-01
0.02744754 -0.49076927 0.10197510 1.224028e-01 1.453190e-01 1.556549e-02 9.816602e-01
0.02743622 -0.49003327 0.09321982 1.215830e-01 1.450730e-01 1.680084e-02 9.817781e-01
0.02743622 -0.49003327 0.09321982 1.215830e-01 1.450730e-01 1.680084e-02 9.817781e-01
0.02115420 -0.48460531 0.09511701 1.209187e-01 1.438939e-01 1.616523e-02 9.820443e-01
0.02115420 -0.48460531 0.09511701 1.209187e-01 1.438939e-01 1.616523e-02 9.820443e-01
0.01674259 -0.48082730 0.09575957 1.204367e-01 1.430862e-01 1.573074e-02 9.822286e-01
0.01674259 -0.48082730 0.09575957 1.204367e-01 1.430862e-01 1.573074e-02 9.822286e-01
0.01455749 -0.47859833 0.09193597 1.198631e-01 1.426822e-01 1.595321e-02 9.823539e-01
0.01455749 -0.47859833 0.09193597 1.198631e-01 1.426822e-01 1.595321e-02 9.823539e-01
0.01033940 -0.47528437 0.09383868 1.193334e-01 1.416507e-01 1.524451e-02 9.825789e-01
0.01033940 -0.47528437 0.09383868 1.193334e-01 1.416507e-01 1.524451e-02 9.825789e-01
0.00891029 -0.47311002 0.09056425 1.187851e-01 1.411358e-01 1.532749e-02 9.827181e-01
0.00891029 -0.47311002 0.09056425 1.187851e-01 1.411358e-01 1.532749e-02 9.827181e-01
0.00639533 -0.47079864 0.08826150 1.181319e-01 1.404740e-01 1.557117e-02 9.828878e-01
0.00639533 -0.47079864 0.08826150 1.181319e-01 1.404740e-01 1.557117e-02 9.828878e-01
0.00573722 -0.46966338 0.08314105 1.175891e-01 1.402150e-01 1.620390e-02 9.829796e-01
0.00573722 -0.46966338 0.08314105 1.175891e-01 1.402150e-01 1.620390e-02 9.829796e-01
0.00052672 -0.46676451 0.08682602 1.173127e-01 1.394327e-01 1.580768e-02 9.831303e-01
0.00052672 -0.46676451 0.08682602 1.173127e-01 1.394327e-01 1.580768e-02 9.831303e-01
-0.00242915 -0.46482074 0.08516350 1.168119e-01 1.389678e-01 1.619919e-02 9.832494e-01
-0.00242915 -0.46482074 0.08516350 1.168119e-01 1.389678e-01 1.619919e-02 9.832494e-01
-0.00710120 -0.46246499 0.08881798 1.165012e-01 1.381132e-01 1.579613e-02 9.834132e-01
-0.00710120 -0.46246499 0.08881798 1.165012e-01 1.381132e-01 1.579613e-02 9.834132e-01
-0.00814959 -0.46109253 0.08546762 1.159766e-01 1.377207e-01 1.640333e-02 9.835203e-01
-0.00814959 -0.46109253 0.08546762 1.159766e-01 1.377207e-01 1.640333e-02 9.835203e-01
-0.01223380 -0.45913315 0.08725097 1.156359e-01 1.371645e-01 1.641283e-02 9.836380e-01
-0.01223380 -0.45913315 0.08725097 1.156359e-01 1.371645e-01 1.641283e-02 9.836380e-01
-0.01451726 -0.45721656 0.08661367 1.152714e-01 1.367005e-01 1.653738e-02 9.837433e-01
-0.01451726 -0.45721656 0.08661367 1.152714e-01 1.367005e-01 1.653738e-02 9.837433e-01
-0.01667727 -0.45539451 0.08632523 1.149691e-01 1.362458e-01 1.659767e-02 9.838407e-01
-0.01667727 -0.45539451 0.08632523 1.149691e-01 1.362458e-01 1.659767e-02 9.838407e-01
-0.01823575 -0.45375374 0.08431425 1.146615e-01 1.359697e-01 1.697815e-02 9.839083e-01
-0.01823575 -0.45375374 0.08431425 1.146615e-01 1.359697e-01 1.697815e-02 9.839083e-01
-0.02240244 -0.45138073 0.08635965 1.143895e-01 1.353872e-01 1.690202e-02 9.840216e-01
-0.02240244 -0.45138073 0.08635965 1.143895e-01 1.353872e-01 1.690202e-02 9.840216e-01
-0.02682431 -0.44866720 0.08770210 1.140423e-01 1.348652e-01 1.683483e-02 9.841347e-01
-0.02682431 -0.44866720 0.08770210 1.140423e-01 1.348652e-01 1.683483e-02 9.841347e-01
-0.03039801 -0.44638294 0.08818645 1.136474e-01 1.343136e-01 1.685712e-02 9.842554e-01
-0.03039801 -0.44638294 0.08818645 1.136474e-01 1.343136e-01 1.685712e-02 9.842554e-01
-0.03307034 -0.44434348 0.08820733 1.132619e-01 1.337292e-01 1.691454e-02 9.843784e-01
-0.03307034 -0.44434348 0.08820733 1.132619e-01 1.337292e-01 1.691454e-02 9.843784e-01
-0.03641948 -0.44208455 0.08902343 1.128694e-01 1.331050e-01 1.691010e-02 9.845081e-01
-0.03641948 -0.44208455 0.08902343 1.128694e-01 1.331050e-01 1.691010e-02 9.845081e-01
-0.03869568 -0.44029742 0.08745053 1.124099e-01 1.326334e-01 1.723031e-02 9.846188e-01
-0.03869568 -0.44029742 0.08745053 1.124099e-01 1.326334e-01 1.723031e-02 9.846188e-01
-0.04219483 -0.43831393 0.08854250 1.121120e-01 1.320926e-01 1.724537e-02 9.847252e-01
-0.04219483 -0.43831393 0.08854250 1.121120e-01 1.320926e-01 1.724537e-02 9.847252e-01
-0.04501715 -0.43644935 0.08863291 1.117944e-01 1.316200e-01 1.734872e-02 9.848228e-01
-0.04501715 -0.43644935 0.08863291 1.117944e-01 1.316200e-01 1.734872e-02 9.848228e-01
-0.04797923 -0.43429878 0.08828532 1.114660e-01 1.312039e-01 1.744163e-02 9.849139e-01
-0.04797923 -0.43429878 0.08828532 1.114660e-01 1.312039e-01 1.744163e-02 9.849139e-01
-0.05061741 -0.43246961 0.08751785 1.110672e-01 1.307499e-01 1.763809e-02 9.850158e-01
-0.05061741 -0.43246961 0.08751785 1.110672e-01 1.307499e-01 1.763809e-02 9.850158e-01
-0.05493467 -0.43038413 0.08878683 1.107500e-01 1.302638e-01 1.774242e-02 9.851140e-01
-0.05493467 -0.43038413 0.08878683 1.107500e-01 1.302638e-01 1.774242e-02 9.851140e-01
-0.05960055 -0.42836091 0.08967089 1.103780e-01 1.298222e-01 1.804136e-02 9.852086e-01
-0.05960055 -0.42836091 0.08967089 1.103780e-01 1.298222e-01 1.804136e-02 9.852086e-01
-0.06317983 -0.42645416 0.08965804 1.100195e-01 1.294148e-01 1.839002e-02 9.852958e-01
-0.06317983 -0.42645416 0.08965804 1.100195e-01 1.294148e-01 1.839002e-02 9.852958e-01
-0.06692796 -0.42428243 0.08998791 1.097403e-01 1.290000e-01 1.868218e-02 9.853758e-01
-0.06692796 -0.42428243 0.08998791 1.097403e-01 1.290000e-01 1.868218e-02 9.853758e-01
-0.07027500 -0.42210001 0.08983063 1.094787e-01 1.286850e-01 1.885707e-02 9.854428e-01
-0.07027500 -0.42210001 0.08983063 1.094787e-01 1.286850e-01 1.885707e-02 9.854428e-01
-0.07283831 -0.42046756 0.08840027 1.091181e-01 1.284210e-01 1.933985e-02 9.855079e-01
-0.07283831 -0.42046756 0.08840027 1.091181e-01 1.284210e-01 1.933985e-02 9.855079e-01
-0.07414934 -0.41879705 0.08609865 1.089066e-01 1.282657e-01 1.976738e-02 9.855430e-01
-0.07414934 -0.41879705 0.08609865 1.089066e-01 1.282657e-01 1.976738e-02 9.855430e-01
-0.07636250 -0.41776484 0.08562116 1.088339e-01 1.283196e-01 2.013194e-02 9.855366e-01
-0.07636250 -0.41776484 0.08562116 1.088339e-01 1.283196e-01 2.013194e-02 9.855366e-01
-0.08204865 -0.41547772 0.08866725 1.086942e-01 1.280536e-01 2.022932e-02 9.855846e-01
-0.08204865 -0.41547772 0.08866725 1.086942e-01 1.280536e-01 2.022932e-02 9.855846e-01
-0.08698680 -0.41303408 0.09072616 1.083568e-01 1.275055e-01 2.037549e-02 9.856898e-01
-0.08698680 -0.41303408 0.09072616 1.083568e-01 1.275055e-01 2.037549e-02 9.856898e-01
-0.09494149 -0.40914148 0.09615602 1.079586e-01 1.266410e-01 2.025318e-02 9.858474e-01
-0.09494149 -0.40914148 0.09615602 1.079586e-01 1.266410e-01 2.025318e-02 9.858474e-01
-0.09959793 -0.40584335 0.09826900 1.076753e-01 1.260374e-01 2.010909e-02 9.859587e-01
-0.09959793 -0.40584335 0.09826900 1.076753e-01 1.260374e-01 2.010909e-02 9.859587e-01
-0.10540986 -0.40255290 0.10187284 1.072924e-01 1.252687e-01 1.968014e-02 9.861070e-01
-0.10540986 -0.40255290 0.10187284 1.072924e-01 1.252687e-01 1.968014e-02 9.861070e-01
-0.11408573 -0.39757666 0.10756251 1.066985e-01 1.242739e-01 1.913989e-02 9.863079e-01
-0.11408573 -0.39757666 0.10756251 1.066985e-01 1.242739e-01 1.913989e-02 9.863079e-01
-0.12019692 -0.39357564 0.11060134 1.059671e-01 1.232277e-01 1.853548e-02 9.865295e-01
-0.12019692 -0.39357564 0.11060134 1.059671e-01 1.232277e-01 1.853548e-02 9.865295e-01
-0.12591983 -0.38953406 0.11317441 1.050831e-01 1.219640e-01 1.800526e-02 9.867909e-01
-0.12591983 -0.38953406 0.11317441 1.050831e-01 1.219640e-01 1.800526e-02 9.867909e-01
-0.12981278 -0.38650367 0.11487037 1.042955e-01 1.207796e-01 1.744927e-02 9.870301e-01
-0.12981278 -0.38650367 0.11487037 1.042955e-01 1.207796e-01 1.744927e-02 9.870301e-01
-0.13383174 -0.38234186 0.11538323 1.034410e-01 1.196278e-01 1.699085e-02 9.872683e-01
-0.13383174 -0.38234186 0.11538323 1.034410e-01 1.196278e-01 1.699085e-02 9.872683e-01
-0.13903850 -0.37835902 0.11596658 1.025616e-01 1.186497e-01 1.678999e-02 9.874815e-01
-0.13903850 -0.37835902 0.11596658 1.025616e-01 1.186497e-01 1.678999e-02 9.874815e-01
-0.14084604 -0.37541389 0.11344623 1.016972e-01 1.178007e-01 1.669680e-02 9.876741e-01
-0.14084604 -0.37541389 0.11344623 1.016972e-01 1.178007e-01 1.669680e-02 9.876741e-01
-0.14465947 -0.37258857 0.11297886 1.009628e-01 1.170340e-01 1.683771e-02 9.878382e-01
-0.14465947 -0.37258857 0.11297886 1.009628e-01 1.170340e-01 1.683771e-02 9.878382e-01
-0.14720780 -0.37006155 0.11137745 1.003619e-01 1.164539e-01 1.714889e-02 9.879626e-01
-0.14720780 -0.37006155 0.11137745 1.003619e-01 1.164539e-01 1.714889e-02 9.879626e-01
-0.14903796 -0.36796635 0.10875130 1.000016e-01 1.161960e-01 1.777092e-02 9.880185e-01
-0.14903796 -0.36796635 0.10875130 1.000016e-01 1.161960e-01 1.777092e-02 9.880185e-01
-0.15132438 -0.36557373 0.10713719 9.967670e-02 1.159178e-01 1.824744e-02 9.880753e-01
-0.15132438 -0.36557373 0.10713719 9.967670e-02 1.159178e-01 1.824744e-02 9.880753e-01
-0.15612721 -0.36251211 0.10735877 9.927487e-02 1.154295e-01 1.862106e-02 9.881659e-01
-0.15612721 -0.36251211 0.10735877 9.927487e-02 1.154295e-01 1.862106e-02 9.881659e-01
-0.15901859 -0.35999981 0.10664488 9.887248e-02 1.149111e-01 1.887854e-02 9.882618e-01
-0.15901859 -0.35999981 0.10664488 9.887248e-02 1.149111e-01 1.887854e-02 9.882618e-01
-0.16266674 -0.35704258 0.10708970 9.853666e-02 1.143805e-01 1.900026e-02 9.883546e-01
-0.16266674 -0.35704258 0.10708970 9.853666e-02 1.143805e-01 1.900026e-02 9.883546e-01
-0.16448630 -0.35445508 0.10618325 9.822588e-02 1.139200e-01 1.903172e-02 9.884381e-01
-0.16448630 -0.35445508 0.10618325 9.822588e-02 1.139200e-01 1.903172e-02 9.884381e-01
-0.16960101 -0.35090628 0.10826920 9.791335e-02 1.133607e-01 1.898611e-02 9.885343e-01
-0.16960101 -0.35090628 0.10826920 9.791335e-02 1.133607e-01 1.898611e-02 9.885343e-01
-0.17518581 -0.34723189 0.11164137 9.746534e-02 1.125118e-01 1.850476e-02 9.886847e-01
-0.17518581 -0.34723189 0.11164137 9.746534e-02 1.125118e-01 1.850476e-02 9.886847e-01
-0.17761904 -0.34376875 0.11134102 9.681710e-02 1.115825e-01 1.790582e-02 9.888647e-01
-0.17761904 -0.34376875 0.11134102 9.681710e-02 1.115825e-01 1.790582e-02 9.888647e-01
-0.18132976 -0.34026036 0.11166403 9.615870e-02 1.106996e-01 1.745842e-02 9.890362e-01
-0.18132976 -0.34026036 0.11166403 9.615870e-02 1.106996e-01 1.745842e-02 9.890362e-01
-0.18365958 -0.33708549 0.10961928 9.554198e-02 1.100463e-01 1.726941e-02 9.891722e-01
-0.18365958 -0.33708549 0.10961928 9.554198e-02 1.100463e-01 1.726941e-02 9.891722e-01
-0.18792291 -0.33389080 0.10979368 9.496404e-02 1.093762e-01 1.710168e-02 9.893051e-01
-0.18792291 -0.33389080 0.10979368 9.496404e-02 1.093762e-01 1.710168e-02 9.893051e-01
-0.19076046 -0.33100221 0.10915543 9.438506e-02 1.086929e-01 1.689240e-02 9.894394e-01
-0.19076046 -0.33100221 0.10915543 9.438506e-02 1.086929e-01 1.689240e-02 9.894394e-01
-0.19300921 -0.32856780 0.10814233 9.383168e-02 1.080775e-01 1.674357e-02 9.895620e-01
-0.19300921 -0.32856780 0.10814233 9.383168e-02 1.080775e-01 1.674357e-02 9.895620e-01
-0.19815053 -0.32530388 0.10936955 9.322100e-02 1.072902e-01 1.663410e-02 9.897072e-01
-0.19815053 -0.32530388 0.10936955 9.322100e-02 1.072902e-01 1.663410e-02 9.897072e-01
-0.20328473 -0.32140759 0.11052537 9.258377e-02 1.064373e-01 1.642143e-02 9.898627e-01
-0.20328473 -0.32140759 0.11052537 9.258377e-02 1.064373e-01 1.642143e-02 9.898627e-01
-0.20750368 -0.31816295 0.11149865 9.201667e-02 1.056536e-01 1.626959e-02 9.900020e-01
-0.20750368 -0.31816295 0.11149865 9.201667e-02 1.056536e-01 1.626959e-02 9.900020e-01
-0.21056850 -0.31543276 0.11141935 9.142160e-02 1.049225e-01 1.616646e-02 9.901366e-01
-0.21056850 -0.31543276 0.11141935 9.142160e-02 1.049225e-01 1.616646e-02 9.901366e-01
-0.21397416 -0.31170955 0.11061666 9.079770e-02 1.041609e-01 1.616604e-02 9.902744e-01
-0.21397416 -0.31170955 0.11061666 9.079770e-02 1.041609e-01 1.616604e-02 9.902744e-01
-0.21771501 -0.30896303 0.11098969 9.023645e-02 1.034988e-01 1.620923e-02 9.903944e-01
-0.21771501 -0.30896303 0.11098969 9.023645e-02 1.034988e-01 1.620923e-02 9.903944e-01
-0.22041054 -0.30664232 0.11023531 8.966083e-02 1.028914e-01 1.627022e-02 9.905090e-01
-0.22041054 -0.30664232 0.11023531 8.966083e-02 1.028914e-01 1.627022e-02 9.905090e-01
-0.22625101 -0.30287409 0.11077647 8.907347e-02 1.021569e-01 1.630153e-02 9.906375e-01
-0.22625101 -0.30287409 0.11077647 8.907347e-02 1.021569e-01 1.630153e-02 9.906375e-01
-0.22758541 -0.30044559 0.10885576 8.859834e-02 1.016662e-01 1.639765e-02 9.907290e-01
-0.22758541 -0.30044559 0.10885576 8.859834e-02 1.016662e-01 1.639765e-02 9.907290e-01
-0.23234437 -0.29580542 0.10572745 8.799656e-02 1.009431e-01 1.652759e-02 9.908544e-01
-0.23234437 -0.29580542 0.10572745 8.799656e-02 1.009431e-01 1.652759e-02 9.908544e-01
-0.23564193 -0.29277924 0.10540547 8.742077e-02 1.002672e-01 1.655888e-02 9.909735e-01
-0.23564193 -0.29277924 0.10540547 8.742077e-02 1.002672e-01 1.655888e-02 9.909735e-01
-0.23757891 -0.29032308 0.10424128 8.692442e-02 9.970636e-02 1.664270e-02 9.910723e-01
-0.23757891 -0.29032308 0.10424128 8.692442e-02 9.970636e-02 1.664270e-02 9.910723e-01
-0.24214469 -0.28664467 0.10445827 8.641940e-02 9.895768e-02 1.664658e-02 9.911914e-01
-0.24214469 -0.28664467 0.10445827 8.641940e-02 9.895768e-02 1.664658e-02 9.911914e-01
-0.24353638 -0.28289115 0.10118809 8.590677e-02 9.841595e-02 1.671000e-02 9.912888e-01
-0.24353638 -0.28289115 0.10118809 8.590677e-02 9.841595e-02 1.671000e-02 9.912888e-01
-0.24773724 -0.27953097 0.10190969 8.544101e-02 9.777550e-02 1.668723e-02 9.913928e-01
-0.24773724 -0.27953097 0.10190969 8.544101e-02 9.777550e-02 1.668723e-02 9.913928e-01
-0.25302818 -0.27063310 0.09172246 8.479179e-02 9.692867e-02 1.671064e-02 9.915313e-01
-0.25302818 -0.27063310 0.09172246 8.479179e-02 9.692867e-02 1.671064e-02 9.915313e-01
-0.25749314 -0.26781762 0.09259039 8.421793e-02 9.617223e-02 1.666355e-02 9.916547e-01
-0.25749314 -0.26781762 0.09259039 8.421793e-02 9.617223e-02 1.666355e-02 9.916547e-01
-0.25934315 -0.26541629 0.09097278 8.368078e-02 9.563008e-02 1.672875e-02 9.917515e-01
-0.25934315 -0.26541629 0.09097278 8.368078e-02 9.563008e-02 1.672875e-02 9.917515e-01
-0.26329058 -0.26281422 0.09138581 8.314934e-02 9.495127e-02 1.666955e-02 9.918624e-01
-0.26329058 -0.26281422 0.09138581 8.314934e-02 9.495127e-02 1.666955e-02 9.918624e-01
-0.26676616 -0.26023948 0.09177645 8.263485e-02 9.434054e-02 1.660691e-02 9.919647e-01
-0.26676616 -0.26023948 0.09177645 8.263485e-02 9.434054e-02 1.660691e-02 9.919647e-01
-0.26780760 -0.25845176 0.08977172 8.218697e-02 9.388285e-02 1.664882e-02 9.920446e-01
-0.26780760 -0.25845176 0.08977172 8.218697e-02 9.388285e-02 1.664882e-02 9.920446e-01
-0.27234328 -0.25488555 0.09106322 8.169915e-02 9.317411e-02 1.648332e-02 9.921545e-01
-0.27234328 -0.25488555 0.09106322 8.169915e-02 9.317411e-02 1.648332e-02 9.921545e-01
-0.27369073 -0.25240716 0.08940426 8.124306e-02 9.267014e-02 1.642552e-02 9.922401e-01
-0.27369073 -0.25240716 0.08940426 8.124306e-02 9.267014e-02 1.642552e-02 9.922401e-01
-0.27494588 -0.25042310 0.08762022 8.080969e-02 9.222691e-02 1.644337e-02 9.923165e-01
-0.27494588 -0.25042310 0.08762022 8.080969e-02 9.222691e-02 1.644337e-02 9.923165e-01
-0.27945057 -0.24773750 0.08855603 8.034002e-02 9.166029e-02 1.644859e-02 9.924070e-01
-0.27945057 -0.24773750 0.08855603 8.034002e-02 9.166029e-02 1.644859e-02 9.924070e-01
-0.28233007 -0.24499960 0.08802938 7.988254e-02 9.109697e-02 1.641029e-02 9.924964e-01
-0.28233007 -0.24499960 0.08802938 7.988254e-02 9.109697e-02 1.641029e-02 9.924964e-01
-0.28601149 -0.24179836 0.08799382 7.938960e-02 9.046764e-02 1.623989e-02 9.925963e-01
-0.28601149 -0.24179836 0.08799382 7.938960e-02 9.046764e-02 1.623989e-02 9.925963e-01
-0.28915921 -0.23860490 0.08753007 7.892546e-02 8.993633e-02 1.620116e-02 9.926822e-01
-0.28915921 -0.23860490 0.08753007 7.892546e-02 8.993633e-02 1.620116e-02 9.926822e-01
-0.28997698 -0.23649989 0.08525139 7.849405e-02 8.953204e-02 1.623827e-02 9.927523e-01
-0.28997698 -0.23649989 0.08525139 7.849405e-02 8.953204e-02 1.623827e-02 9.927523e-01
-0.29215685 -0.23372149 0.08430816 7.806522e-02 8.903276e-02 1.615274e-02 9.928324e-01
-0.29215685 -0.23372149 0.08430816 7.806522e-02 8.903276e-02 1.615274e-02 9.928324e-01
-0.29530856 -0.23106445 0.08406945 7.760161e-02 8.847162e-02 1.606857e-02 9.929203e-01
-0.29530856 -0.23106445 0.08406945 7.760161e-02 8.847162e-02 1.606857e-02 9.929203e-01
-0.29781353 -0.22845897 0.08293101 7.715658e-02 8.798669e-02 1.607647e-02 9.929979e-01
-0.29781353 -0.22845897 0.08293101 7.715658e-02 8.798669e-02 1.607647e-02 9.929979e-01
-0.29994506 -0.22551952 0.08179916 7.671634e-02 8.749569e-02 1.595962e-02 9.930773e-01
-0.29994506 -0.22551952 0.08179916 7.671634e-02 8.749569e-02 1.595962e-02 9.930773e-01
-0.30180627 -0.22299735 0.08021131 7.627671e-02 8.707797e-02 1.593338e-02 9.931483e-01
-0.30180627 -0.22299735 0.08021131 7.627671e-02 8.707797e-02 1.593338e-02 9.931483e-01
-0.30437204 -0.22014391 0.07932898 7.582090e-02 8.659566e-02 1.582880e-02 9.932270e-01
-0.30437204 -0.22014391 0.07932898 7.582090e-02 8.659566e-02 1.582880e-02 9.932270e-01
-0.30620790 -0.21730664 0.07796098 7.539671e-02 8.614448e-02 1.566472e-02 9.933011e-01
-0.30620790 -0.21730664 0.07796098 7.539671e-02 8.614448e-02 1.566472e-02 9.933011e-01
-0.30878723 -0.21461530 0.07721280 7.493875e-02 8.568337e-02 1.559203e-02 9.933768e-01
-0.30878723 -0.21461530 0.07721280 7.493875e-02 8.568337e-02 1.559203e-02 9.933768e-01
-0.31124726 -0.21122515 0.07513517 7.448460e-02 8.522047e-02 1.550412e-02 9.934521e-01
-0.31124726 -0.21122515 0.07513517 7.448460e-02 8.522047e-02 1.550412e-02 9.934521e-01
-0.31442660 -0.20817167 0.07447864 7.402618e-02 8.474297e-02 1.540495e-02 9.935288e-01
-0.31442660 -0.20817167 0.07447864 7.402618e-02 8.474297e-02 1.540495e-02 9.935288e-01
-0.32243040 -0.18254045 0.03560402 7.335016e-02 8.373893e-02 1.545645e-02 9.936633e-01
-0.32243040 -0.18254045 0.03560402 7.335016e-02 8.373893e-02 1.545645e-02 9.936633e-01
-0.32775044 -0.17870410 0.03630074 7.260994e-02 8.300005e-02 1.528222e-02 9.937823e-01
-0.32775044 -0.17870410 0.03630074 7.260994e-02 8.300005e-02 1.528222e-02 9.937823e-01
-0.32997233 -0.17720655 0.03631257 7.201173e-02 8.242756e-02 1.514057e-02 9.938756e-01
-0.32997233 -0.17720655 0.03631257 7.201173e-02 8.242756e-02 1.514057e-02 9.938756e-01
-0.33270279 -0.17454594 0.03683910 7.137749e-02 8.186576e-02 1.503793e-02 9.939693e-01
-0.33270279 -0.17454594 0.03683910 7.137749e-02 8.186576e-02 1.503793e-02 9.939693e-01
-0.33583671 -0.17217650 0.03775033 7.077437e-02 8.130313e-02 1.493585e-02 9.940601e-01
-0.33583671 -0.17217650 0.03775033 7.077437e-02 8.130313e-02 1.493585e-02 9.940601e-01
-0.33871534 -0.17103577 0.03885545 7.022812e-02 8.078637e-02 1.485817e-02 9.941421e-01
-0.33871534 -0.17103577 0.03885545 7.022812e-02 8.078637e-02 1.485817e-02 9.941421e-01
-0.34253028 -0.16818750 0.04016007 6.964917e-02 8.018897e-02 1.475120e-02 9.942328e-01
-0.34253028 -0.16818750 0.04016007 6.964917e-02 8.018897e-02 1.475120e-02 9.942328e-01
-0.34479463 -0.16563895 0.04042323 6.909723e-02 7.966837e-02 1.465374e-02 9.943146e-01
-0.34479463 -0.16563895 0.04042323 6.909723e-02 7.966837e-02 1.465374e-02 9.943146e-01
-0.34568968 -0.16337217 0.03915579 6.858704e-02 7.925805e-02 1.460706e-02 9.943834e-01
-0.34568968 -0.16337217 0.03915579 6.858704e-02 7.925805e-02 1.460706e-02 9.943834e-01
-0.34814012 -0.16078885 0.03906885 6.807297e-02 7.881144e-02 1.456573e-02 9.944548e-01
-0.34814012 -0.16078885 0.03906885 6.807297e-02 7.881144e-02 1.456573e-02 9.944548e-01
-0.34967268 -0.15787481 0.03832072 6.754516e-02 7.839109e-02 1.451979e-02 9.945247e-01
-0.34967268 -0.15787481 0.03832072 6.754516e-02 7.839109e-02 1.451979e-02 9.945247e-01
-0.35163450 -0.15678550 0.03845639 6.709941e-02 7.801513e-02 1.449423e-02 9.945848e-01
-0.35163450 -0.15678550 0.03845639 6.709941e-02 7.801513e-02 1.449423e-02 9.945848e-01
-0.35256046 -0.15488718 0.03765473 6.667437e-02 7.768511e-02 1.446779e-02 9.946396e-01
-0.35256046 -0.15488718 0.03765473 6.667437e-02 7.768511e-02 1.446779e-02 9.946396e-01
-0.35540944 -0.15264356 0.03836956 6.621909e-02 7.725617e-02 1.443171e-02 9.947039e-01
-0.35540944 -0.15264356 0.03836956 6.621909e-02 7.725617e-02 1.443171e-02 9.947039e-01
-0.35894018 -0.14958856 0.03918800 6.569699e-02 7.675034e-02 1.439917e-02 9.947781e-01
-0.35894018 -0.14958856 0.03918800 6.569699e-02 7.675034e-02 1.439917e-02 9.947781e-01
-0.36516678 -0.14424703 0.03740997 6.505526e-02 7.596791e-02 1.432261e-02 9.948814e-01
-0.36516678 -0.14424703 0.03740997 6.505526e-02 7.596791e-02 1.432261e-02 9.948814e-01
-0.36733183 -0.14287700 0.03845377 6.462567e-02 7.542138e-02 1.410611e-02 9.949541e-01
-0.36733183 -0.14287700 0.03845377 6.462567e-02 7.542138e-02 1.410611e-02 9.949541e-01
-0.37215036 -0.13426998 0.02824602 6.402611e-02 7.460588e-02 1.397962e-02 9.950561e-01
-0.37215036 -0.13426998 0.02824602 6.402611e-02 7.460588e-02 1.397962e-02 9.950561e-01
-0.37630835 -0.13132948 0.02959306 6.337584e-02 7.385174e-02 1.380779e-02 9.951564e-01
-0.37630835 -0.13132948 0.02959306 6.337584e-02 7.385174e-02 1.380779e-02 9.951564e-01
-0.37911972 -0.12767144 0.02934693 6.269152e-02 7.319994e-02 1.366271e-02 9.952499e-01
-0.37911972 -0.12767144 0.02934693 6.269152e-02 7.319994e-02 1.366271e-02 9.952499e-01
-0.38263080 -0.12524924 0.03046744 6.206691e-02 7.256215e-02 1.353993e-02 9.953374e-01
-0.38263080 -0.12524924 0.03046744 6.206691e-02 7.256215e-02 1.353993e-02 9.953374e-01
-0.38400096 -0.12430765 0.03038733 6.154323e-02 7.210607e-02 1.347700e-02 9.954039e-01
-0.38400096 -0.12430765 0.03038733 6.154323e-02 7.210607e-02 1.347700e-02 9.954039e-01
-0.38643378 -0.12195229 0.03032030 6.100272e-02 7.163454e-02 1.345012e-02 9.954716e-01
-0.38643378 -0.12195229 0.03032030 6.100272e-02 7.163454e-02 1.345012e-02 9.954716e-01
-0.38807264 -0.12057157 0.03045179 6.053780e-02 7.124498e-02 1.339654e-02 9.955287e-01
-0.38807264 -0.12057157 0.03045179 6.053780e-02 7.124498e-02 1.339654e-02 9.955287e-01
-0.39070135 -0.11812485 0.03103033 6.002642e-02 7.082659e-02 1.336913e-02 9.955899e-01
-0.39070135 -0.11812485 0.03103033 6.002642e-02 7.082659e-02 1.336913e-02 9.955899e-01
-0.39218783 -0.11576176 0.03060325 5.954451e-02 7.045147e-02 1.333560e-02 9.956459e-01
-0.39218783 -0.11576176 0.03060325 5.954451e-02 7.045147e-02 1.333560e-02 9.956459e-01
-0.39283714 -0.11360839 0.02923301 5.907404e-02 7.015612e-02 1.333147e-02 9.956948e-01
-0.39283714 -0.11360839 0.02923301 5.907404e-02 7.015612e-02 1.333147e-02 9.956948e-01
-0.39492774 -0.11116921 0.02932189 5.858917e-02 6.981816e-02 1.331660e-02 9.957474e-01
-0.39492774 -0.11116921 0.02932189 5.858917e-02 6.981816e-02 1.331660e-02 9.957474e-01
-0.39596802 -0.10914278 0.02828989 5.813675e-02 6.956311e-02 1.334795e-02 9.957913e-01
-0.39596802 -0.10914278 0.02828989 5.813675e-02 6.956311e-02 1.334795e-02 9.957913e-01
-0.39796418 -0.10638738 0.02794659 5.764241e-02 6.925800e-02 1.338938e-02 9.958407e-01
-0.39796418 -0.10638738 0.02794659 5.764241e-02 6.925800e-02 1.338938e-02 9.958407e-01
-0.40056822 -0.10298620 0.02806371 5.709135e-02 6.887058e-02 1.339823e-02 9.958992e-01
-0.40056822 -0.10298620 0.02806371 5.709135e-02 6.887058e-02 1.339823e-02 9.958992e-01
-0.40229857 -0.10129319 0.02773609 5.661839e-02 6.855823e-02 1.340652e-02 9.959476e-01
-0.40229857 -0.10129319 0.02773609 5.661839e-02 6.855823e-02 1.340652e-02 9.959476e-01
-0.40341043 -0.10021249 0.02710716 5.618405e-02 6.829704e-02 1.342294e-02 9.959899e-01
-0.40341043 -0.10021249 0.02710716 5.618405e-02 6.829704e-02 1.342294e-02 9.959899e-01
-0.40515646 -0.09752285 0.02661345 5.571204e-02 6.797939e-02 1.345165e-02 9.960378e-01
-0.40515646 -0.09752285 0.02661345 5.571204e-02 6.797939e-02 1.345165e-02 9.960378e-01
-0.40708536 -0.09543712 0.02638189 5.524796e-02 6.764420e-02 1.345719e-02 9.960864e-01
-0.40708536 -0.09543712 0.02638189 5.524796e-02 6.764420e-02 1.345719e-02 9.960864e-01
-0.40931705 -0.09269579 0.02638044 5.475002e-02 6.727792e-02 1.344177e-02 9.961389e-01
-0.40931705 -0.09269579 0.02638044 5.475002e-02 6.727792e-02 1.344177e-02 9.961389e-01
-0.41175541 -0.09042427 0.02695612 5.427038e-02 6.691412e-02 1.341015e-02 9.961901e-01
-0.41175541 -0.09042427 0.02695612 5.427038e-02 6.691412e-02 1.341015e-02 9.961901e-01
-0.41497633 -0.08700085 0.02758935 5.371136e-02 6.649241e-02 1.341607e-02 9.962486e-01
-0.41497633 -0.08700085 0.02758935 5.371136e-02 6.649241e-02 1.341607e-02 9.962486e-01
-0.41727784 -0.08230778 0.02703692 5.306989e-02 6.604110e-02 1.340509e-02 9.963131e-01
-0.41727784 -0.08230778 0.02703692 5.306989e-02 6.604110e-02 1.340509e-02 9.963131e-01
-0.41944239 -0.07869051 0.02661625 5.242323e-02 6.563927e-02 1.340923e-02 9.963738e-01
-0.41944239 -0.07869051 0.02661625 5.242323e-02 6.563927e-02 1.340923e-02 9.963738e-01
-0.42103165 -0.07544971 0.02611176 5.179589e-02 6.528555e-02 1.339028e-02 9.964301e-01
-0.42103165 -0.07544971 0.02611176 5.179589e-02 6.528555e-02 1.339028e-02 9.964301e-01
-0.42223096 -0.07336221 0.02567251 5.126694e-02 6.501695e-02 1.334975e-02 9.964756e-01
-0.42223096 -0.07336221 0.02567251 5.126694e-02 6.501695e-02 1.334975e-02 9.964756e-01
-0.42400420 -0.07039628 0.02518822 5.068802e-02 6.470182e-02 1.334957e-02 9.965257e-01
-0.42400420 -0.07039628 0.02518822 5.068802e-02 6.470182e-02 1.334957e-02 9.965257e-01
-0.42529574 -0.06667593 0.02405946 5.008612e-02 6.439386e-02 1.330184e-02 9.965767e-01
-0.42529574 -0.06667593 0.02405946 5.008612e-02 6.439386e-02 1.330184e-02 9.965767e-01
-0.42588678 -0.06515526 0.02310404 4.960886e-02 6.420969e-02 1.327843e-02 9.966128e-01
-0.42588678 -0.06515526 0.02310404 4.960886e-02 6.420969e-02 1.327843e-02 9.966128e-01
-0.42715335 -0.06428691 0.02277871 4.920624e-02 6.404245e-02 1.329496e-02 9.966433e-01
-0.42715335 -0.06428691 0.02277871 4.920624e-02 6.404245e-02 1.329496e-02 9.966433e-01
-0.42917496 -0.06242376 0.02316159 4.878770e-02 6.379466e-02 1.328306e-02 9.966799e-01
-0.42917496 -0.06242376 0.02316159 4.878770e-02 6.379466e-02 1.328306e-02 9.966799e-01
-0.43143919 -0.05962168 0.02343375 4.828651e-02 6.347536e-02 1.329310e-02 9.967246e-01
-0.43143919 -0.05962168 0.02343375 4.828651e-02 6.347536e-02 1.329310e-02 9.967246e-01
-0.43456778 -0.05869205 0.02494149 4.786771e-02 6.315372e-02 1.329192e-02 9.967652e-01
-0.43456778 -0.05869205 0.02494149 4.786771e-02 6.315372e-02 1.329192e-02 9.967652e-01
-0.43506318 -0.05663706 0.02387745 4.745087e-02 6.291432e-02 1.325701e-02 9.968007e-01
-0.43506318 -0.05663706 0.02387745 4.745087e-02 6.291432e-02 1.325701e-02 9.968007e-01
-0.43717542 -0.05568462 0.02449355 4.708500e-02 6.265206e-02 1.325205e-02 9.968346e-01
-0.43717542 -0.05568462 0.02449355 4.708500e-02 6.265206e-02 1.325205e-02 9.968346e-01
-0.43848139 -0.05374418 0.02437481 4.670246e-02 6.238364e-02 1.321430e-02 9.968699e-01
-0.43848139 -0.05374418 0.02437481 4.670246e-02 6.238364e-02 1.321430e-02 9.968699e-01
-0.43931210 -0.05329475 0.02423187 4.640320e-02 6.218554e-02 1.318873e-02 9.968966e-01
-0.43931210 -0.05329475 0.02423187 4.640320e-02 6.218554e-02 1.318873e-02 9.968966e-01
-0.44052067 -0.05307789 0.02462238 4.615063e-02 6.198052e-02 1.318029e-02 9.969212e-01
-0.44052067 -0.05307789 0.02462238 4.615063e-02 6.198052e-02 1.318029e-02 9.969212e-01
-0.44187459 -0.05233068 0.02520529 4.588372e-02 6.173771e-02 1.316527e-02 9.969488e-01
-0.44187459 -0.05233068 0.02520529 4.588372e-02 6.173771e-02 1.316527e-02 9.969488e-01
-0.44377989 -0.05082527 0.02583986 4.557508e-02 6.143880e-02 1.315167e-02 9.969816e-01
-0.44377989 -0.05082527 0.02583986 4.557508e-02 6.143880e-02 1.315167e-02 9.969816e-01
-0.44530508 -0.04861161 0.02601365 4.521881e-02 6.112824e-02 1.311804e-02 9.970174e-01
-0.44530508 -0.04861161 0.02601365 4.521881e-02 6.112824e-02 1.311804e-02 9.970174e-01
-0.44694597 -0.04710529 0.02649929 4.490134e-02 6.086125e-02 1.309546e-02 9.970484e-01
-0.44694597 -0.04710529 0.02649929 4.490134e-02 6.086125e-02 1.309546e-02 9.970484e-01
-0.44811782 -0.04507943 0.02645239 4.454820e-02 6.059785e-02 1.306174e-02 9.970807e-01
-0.44811782 -0.04507943 0.02645239 4.454820e-02 6.059785e-02 1.306174e-02 9.970807e-01
-0.44921258 -0.04239264 0.02588007 4.415230e-02 6.034001e-02 1.302652e-02 9.971144e-01
-0.44921258 -0.04239264 0.02588007 4.415230e-02 6.034001e-02 1.302652e-02 9.971144e-01
-0.45043650 -0.04021123 0.02537904 4.376515e-02 6.011118e-02 1.300767e-02 9.971455e-01
-0.45043650 -0.04021123 0.02537904 4.376515e-02 6.011118e-02 1.300767e-02 9.971455e-01
-0.45113742 -0.03792251 0.02429911 4.338321e-02 5.991169e-02 1.299618e-02 9.971743e-01
-0.45113742 -0.03792251 0.02429911 4.338321e-02 5.991169e-02 1.299618e-02 9.971743e-01
-0.45255557 -0.03428069 0.02340360 4.288981e-02 5.964163e-02 1.298682e-02 9.972120e-01
-0.45255557 -0.03428069 0.02340360 4.288981e-02 5.964163e-02 1.298682e-02 9.972120e-01
-0.45465636 -0.03018155 0.02288130 4.228532e-02 5.929077e-02 1.300234e-02 9.972585e-01
-0.45465636 -0.03018155 0.02288130 4.228532e-02 5.929077e-02 1.300234e-02 9.972585e-01
-0.45638457 -0.02654042 0.02206163 4.170335e-02 5.902412e-02 1.301316e-02 9.972987e-01
-0.45638457 -0.02654042 0.02206163 4.170335e-02 5.902412e-02 1.301316e-02 9.972987e-01
-0.45783946 -0.02450484 0.02140407 4.121121e-02 5.880955e-02 1.299793e-02 9.973320e-01
-0.45783946 -0.02450484 0.02140407 4.121121e-02 5.880955e-02 1.299793e-02 9.973320e-01
-0.45988959 -0.02166369 0.02113050 4.068092e-02 5.852390e-02 1.298608e-02 9.973707e-01
-0.45988959 -0.02166369 0.02113050 4.068092e-02 5.852390e-02 1.298608e-02 9.973707e-01
-0.46204713 -0.01760012 0.02031476 4.004104e-02 5.819553e-02 1.301239e-02 9.974155e-01
-0.46204713 -0.01760012 0.02031476 4.004104e-02 5.819553e-02 1.301239e-02 9.974155e-01
-0.46397305 -0.01611126 0.02038447 3.954774e-02 5.792487e-02 1.300424e-02 9.974510e-01
-0.46397305 -0.01611126 0.02038447 3.954774e-02 5.792487e-02 1.300424e-02 9.974510e-01
-0.46601233 -0.01147219 0.01901328 3.882423e-02 5.750452e-02 1.305691e-02 9.975031e-01
-0.46601233 -0.01147219 0.01901328 3.882423e-02 5.750452e-02 1.305691e-02 9.975031e-01
-0.46700931 -0.00743880 0.01758610 3.817833e-02 5.725101e-02 1.305706e-02 9.975426e-01
-0.46700931 -0.00743880 0.01758610 3.817833e-02 5.725101e-02 1.305706e-02 9.975426e-01
-0.46797353 -0.00599286 0.01687371 3.770457e-02 5.707728e-02 1.302304e-02 9.975710e-01
-0.46797353 -0.00599286 0.01687371 3.770457e-02 5.707728e-02 1.302304e-02 9.975710e-01
-0.46922067 -0.00212213 0.01579178 3.707158e-02 5.679348e-02 1.302316e-02 9.976109e-01
-0.46922067 -0.00212213 0.01579178 3.707158e-02 5.679348e-02 1.302316e-02 9.976109e-01
-0.47038463 -0.00140339 0.01538102 3.665477e-02 5.662945e-02 1.301104e-02 9.976358e-01
-0.47038463 -0.00140339 0.01538102 3.665477e-02 5.662945e-02 1.301104e-02 9.976358e-01
-0.47185358 0.00256130 0.01462234 3.606814e-02 5.635058e-02 1.300914e-02 9.976730e-01
-0.47185358 0.00256130 0.01462234 3.606814e-02 5.635058e-02 1.300914e-02 9.976730e-01
-0.47310403 0.00485142 0.01412100 3.555356e-02 5.613336e-02 1.299210e-02 9.977039e-01
-0.47310403 0.00485142 0.01412100 3.555356e-02 5.613336e-02 1.299210e-02 9.977039e-01
-0.47401303 0.00818754 0.01310735 3.497835e-02 5.591535e-02 1.297738e-02 9.977367e-01
-0.47401303 0.00818754 0.01310735 3.497835e-02 5.591535e-02 1.297738e-02 9.977367e-01
-0.47491148 0.00976806 0.01271200 3.452982e-02 5.575407e-02 1.292837e-02 9.977620e-01
-0.47491148 0.00976806 0.01271200 3.452982e-02 5.575407e-02 1.292837e-02 9.977620e-01
-0.47615269 0.01115060 0.01253671 3.411739e-02 5.557783e-02 1.290134e-02 9.977864e-01
-0.47615269 0.01115060 0.01253671 3.411739e-02 5.557783e-02 1.290134e-02 9.977864e-01
-0.47764659 0.01238261 0.01270151 3.373313e-02 5.538778e-02 1.288594e-02 9.978102e-01
-0.47764659 0.01238261 0.01270151 3.373313e-02 5.538778e-02 1.288594e-02 9.978102e-01
-0.47937354 0.01451218 0.01291424 3.331583e-02 5.514722e-02 1.285597e-02 9.978379e-01
-0.47937354 0.01451218 0.01291424 3.331583e-02 5.514722e-02 1.285597e-02 9.978379e-01
-0.48034558 0.01724444 0.01255098 3.286043e-02 5.492284e-02 1.281049e-02 9.978660e-01
-0.48034558 0.01724444 0.01255098 3.286043e-02 5.492284e-02 1.281049e-02 9.978660e-01
-0.48164618 0.02041432 0.01213661 3.234044e-02 5.465464e-02 1.278648e-02 9.978980e-01
-0.48164618 0.02041432 0.01213661 3.234044e-02 5.465464e-02 1.278648e-02 9.978980e-01
-0.48327532 0.02179572 0.01239581 3.190122e-02 5.441604e-02 1.277905e-02 9.979253e-01
-0.48327532 0.02179572 0.01239581 3.190122e-02 5.441604e-02 1.277905e-02 9.979253e-01
-0.48545277 0.02328918 0.01314697 3.146515e-02 5.412434e-02 1.276368e-02 9.979552e-01
-0.48545277 0.02328918 0.01314697 3.146515e-02 5.412434e-02 1.276368e-02 9.979552e-01
-0.48756477 0.02452748 0.01409235 3.106546e-02 5.383621e-02 1.272830e-02 9.979838e-01
-0.48756477 0.02452748 0.01409235 3.106546e-02 5.383621e-02 1.272830e-02 9.979838e-01
-0.48907372 0.02592774 0.01477248 3.067448e-02 5.355000e-02 1.266843e-02 9.980121e-01
-0.48907372 0.02592774 0.01477248 3.067448e-02 5.355000e-02 1.266843e-02 9.980121e-01
-0.49650159 0.03015623 0.00606670 3.004953e-02 5.277883e-02 1.299705e-02 9.980680e-01
-0.49650159 0.03015623 0.00606670 3.004953e-02 5.277883e-02 1.299705e-02 9.980680e-01
-0.49766615 0.03259755 0.00671550 2.963920e-02 5.234883e-02 1.285055e-02 9.981048e-01
-0.49766615 0.03259755 0.00671550 2.963920e-02 5.234883e-02 1.285055e-02 9.981048e-01
-0.49899009 0.03534927 0.00713895 2.918219e-02 5.194568e-02 1.274804e-02 9.981406e-01
-0.49899009 0.03534927 0.00713895 2.918219e-02 5.194568e-02 1.274804e-02 9.981406e-01
-0.50197786 0.03633930 0.00896733 2.880554e-02 5.156693e-02 1.267820e-02 9.981721e-01
-0.50197786 0.03633930 0.00896733 2.880554e-02 5.156693e-02 1.267820e-02 9.981721e-01
-0.50419861 0.03830537 0.01012863 2.837671e-02 5.114416e-02 1.258800e-02 9.982073e-01
-0.50419861 0.03830537 0.01012863 2.837671e-02 5.114416e-02 1.258800e-02 9.982073e-01
-0.50650054 0.03975612 0.01142609 2.796778e-02 5.072820e-02 1.251158e-02 9.982410e-01
-0.50650054 0.03975612 0.01142609 2.796778e-02 5.072820e-02 1.251158e-02 9.982410e-01
-0.51600897 0.04513214 0.00132226 2.730743e-02 4.977766e-02 1.282183e-02 9.983032e-01
-0.51600897 0.04513214 0.00132226 2.730743e-02 4.977766e-02 1.282183e-02 9.983032e-01
-0.52049279 0.05012801 -0.00088021 2.666004e-02 4.892318e-02 1.287877e-02 9.983622e-01
-0.52049279 0.05012801 -0.00088021 2.666004e-02 4.892318e-02 1.287877e-02 9.983622e-01
-0.52947402 0.05460357 -0.00881676 2.605361e-02 4.787235e-02 1.302817e-02 9.984272e-01
-0.52947402 0.05460357 -0.00881676 2.605361e-02 4.787235e-02 1.302817e-02 9.984272e-01
-0.53385997 0.05688412 -0.00469015 2.561118e-02 4.697288e-02 1.270507e-02 9.984855e-01
-0.53385997 0.05688412 -0.00469015 2.561118e-02 4.697288e-02 1.270507e-02 9.984855e-01
-0.54212141 0.06258213 -0.00944328 2.486328e-02 4.576931e-02 1.274820e-02 9.985597e-01
-0.54212141 0.06258213 -0.00944328 2.486328e-02 4.576931e-02 1.274820e-02 9.985597e-01
-0.54718113 0.06420677 -0.00429922 2.440528e-02 4.486193e-02 1.231632e-02 9.986176e-01
-0.54718113 0.06420677 -0.00429922 2.440528e-02 4.486193e-02 1.231632e-02 9.986176e-01
-0.55237383 0.06828405 -0.00711520 2.368631e-02 4.377081e-02 1.219964e-02 9.986848e-01
-0.55237383 0.06828405 -0.00711520 2.368631e-02 4.377081e-02 1.219964e-02 9.986848e-01
-0.55773717 0.07086178 -0.00214042 2.310832e-02 4.282638e-02 1.183122e-02 9.987437e-01
-0.55773717 0.07086178 -0.00214042 2.310832e-02 4.282638e-02 1.183122e-02 9.987437e-01
-0.56102973 0.07295451 0.00072595 2.251965e-02 4.193130e-02 1.146211e-02 9.987994e-01
-0.56102973 0.07295451 0.00072595 2.251965e-02 4.193130e-02 1.146211e-02 9.987994e-01
-0.56544006 0.07564381 0.00417796 2.186923e-02 4.107160e-02 1.113709e-02 9.988533e-01
-0.56544006 0.07564381 0.00417796 2.186923e-02 4.107160e-02 1.113709e-02 9.988533e-01
-0.56889886 0.07837638 0.00106732 2.115659e-02 4.016121e-02 1.098733e-02 9.989073e-01
-0.56889886 0.07837638 0.00106732 2.115659e-02 4.016121e-02 1.098733e-02 9.989073e-01
-0.57229841 0.08103094 0.00317015 2.053028e-02 3.934948e-02 1.071619e-02 9.989556e-01
-0.57229841 0.08103094 0.00317015 2.053028e-02 3.934948e-02 1.071619e-02 9.989556e-01
-0.57816356 0.08435821 -0.00225209 1.986162e-02 3.842529e-02 1.069052e-02 9.990054e-01
-0.57816356 0.08435821 -0.00225209 1.986162e-02 3.842529e-02 1.069052e-02 9.990054e-01
-0.58151019 0.08711303 -0.00009237 1.926823e-02 3.759734e-02 1.043031e-02 9.990513e-01
-0.58151019 0.08711303 -0.00009237 1.926823e-02 3.759734e-02 1.043031e-02 9.990513e-01
-0.58624303 0.08897044 -0.00460117 1.869948e-02 3.669647e-02 1.036591e-02 9.990963e-01
-0.58624303 0.08897044 -0.00460117 1.869948e-02 3.669647e-02 1.036591e-02 9.990963e-01
-0.59015012 0.09078579 -0.00782944 1.821190e-02 3.585467e-02 1.027626e-02 9.991368e-01
-0.59015012 0.09078579 -0.00782944 1.821190e-02 3.585467e-02 1.027626e-02 9.991368e-01
-0.59405476 0.09227233 -0.01110549 1.781350e-02 3.505289e-02 1.017722e-02 9.991734e-01
-0.59405476 0.09227233 -0.01110549 1.781350e-02 3.505289e-02 1.017722e-02 9.991734e-01
-0.59931147 0.09419421 -0.01507426 1.746935e-02 3.421858e-02 1.009214e-02 9.992093e-01
-0.59931147 0.09419421 -0.01507426 1.746935e-02 3.421858e-02 1.009214e-02 9.992093e-01
-0.60411942 0.09678131 -0.01083660 1.703547e-02 3.332713e-02 9.826600e-03 9.992496e-01
-0.60411942 0.09678131 -0.01083660 1.703547e-02 3.332713e-02 9.826600e-03 9.992496e-01
-0.60859680 0.09886901 -0.01354143 1.661311e-02 3.246523e-02 9.669781e-03 9.992866e-01
-0.60859680 0.09886901 -0.01354143 1.661311e-02 3.246523e-02 9.669781e-03 9.992866e-01
-0.61495376 0.10155621 -0.01765940 1.619935e-02 3.152877e-02 9.569632e-03 9.993243e-01
-0.61495376 0.10155621 -0.01765940 1.619935e-02 3.152877e-02 9.569632e-03 9.993243e-01
-0.61628467 0.10314409 -0.01667899 1.585502e-02 3.081073e-02 9.227370e-03 9.993554e-01
-0.61628467 0.10314409 -0.01667899 1.585502e-02 3.081073e-02 9.227370e-03 9.993554e-01
-0.62111557 0.10521080 -0.01850291 1.544550e-02 2.991278e-02 9.100878e-03 9.993903e-01
-0.62111557 0.10521080 -0.01850291 1.544550e-02 2.991278e-02 9.100878e-03 9.993903e-01
-0.62466973 0.10647572 -0.02038590 1.513349e-02 2.912641e-02 8.907894e-03 9.994200e-01
-0.62466973 0.10647572 -0.02038590 1.513349e-02 2.912641e-02 8.907894e-03 9.994200e-01
-0.62799299 0.10792205 -0.02175247 1.486766e-02 2.842745e-02 8.702697e-03 9.994459e-01
-0.62799299 0.10792205 -0.02175247 1.486766e-02 2.842745e-02 8.702697e-03 9.994459e-01
-0.63034022 0.10944067 -0.02178973 1.459254e-02 2.777406e-02 8.480098e-03 9.994702e-01
-0.63034022 0.10944067 -0.02178973 1.459254e-02 2.777406e-02 8.480098e-03 9.994702e-01
-0.63457221 0.11100153 -0.01779646 1.424899e-02 2.702235e-02 8.235842e-03 9.994978e-01
-0.63457221 0.11100153 -0.01779646 1.424899e-02 2.702235e-02 8.235842e-03 9.994978e-01
-0.63776320 0.11210280 -0.01923033 1.393519e-02 2.632967e-02 8.046361e-03 9.995223e-01
-0.63776320 0.11210280 -0.01923033 1.393519e-02 2.632967e-02 8.046361e-03 9.995223e-01
-0.64028090 0.11329673 -0.01990765 1.364336e-02 2.570001e-02 7.858330e-03 9.995442e-01
-0.64028090 0.11329673 -0.01990765 1.364336e-02 2.570001e-02 7.858330e-03 9.995442e-01
-0.64306253 0.11456971 -0.02056508 1.336160e-02 2.509492e-02 7.696029e-03 9.995646e-01
-0.64306253 0.11456971 -0.02056508 1.336160e-02 2.509492e-02 7.696029e-03 9.995646e-01
-0.64592707 0.11555411 -0.02172290 1.312766e-02 2.452432e-02 7.537164e-03 9.995831e-01
-0.64592707 0.11555411 -0.02172290 1.312766e-02 2.452432e-02 7.537164e-03 9.995831e-01
-0.64942932 0.11667187 -0.02290362 1.289064e-02 2.390120e-02 7.408339e-03 9.996022e-01
-0.64942932 0.11667187 -0.02290362 1.289064e-02 2.390120e-02 7.408339e-03 9.996022e-01
-0.65359837 0.11776776 -0.01893123 1.260126e-02 2.320016e-02 7.210524e-03 9.996239e-01
-0.65359837 0.11776776 -0.01893123 1.260126e-02 2.320016e-02 7.210524e-03 9.996239e-01
-0.65608668 0.11872216 -0.01990723 1.236156e-02 2.263468e-02 7.021324e-03 9.996412e-01
-0.65608668 0.11872216 -0.01990723 1.236156e-02 2.263468e-02 7.021324e-03 9.996412e-01
-0.65855473 0.11973382 -0.02061617 1.214056e-02 2.209843e-02 6.852925e-03 9.996571e-01
-0.65855473 0.11973382 -0.02061617 1.214056e-02 2.209843e-02 6.852925e-03 9.996571e-01
-0.66102201 0.12057401 -0.02138685 1.194141e-02 2.157520e-02 6.692817e-03 9.996720e-01
-0.66102201 0.12057401 -0.02138685 1.194141e-02 2.157520e-02 6.692817e-03 9.996720e-01
-0.66431266 0.12154570 -0.02219511 1.172673e-02 2.098294e-02 6.572873e-03 9.996879e-01
-0.66431266 0.12154570 -0.02219511 1.172673e-02 2.098294e-02 6.572873e-03 9.996879e-01
-0.66766518 0.12219474 -0.02337093 1.155005e-02 2.035920e-02 6.454141e-03 9.997036e-01
-0.66766518 0.12219474 -0.02337093 1.155005e-02 2.035920e-02 6.454141e-03 9.997036e-01
-0.67054462 0.12276406 -0.02436538 1.141833e-02 1.978490e-02 6.322222e-03 9.997175e-01
-0.67054462 0.12276406 -0.02436538 1.141833e-02 1.978490e-02 6.322222e-03 9.997175e-01
-0.67218119 0.12349307 -0.02368940 1.129407e-02 1.929557e-02 6.155780e-03 9.997295e-01
-0.67218119 0.12349307 -0.02368940 1.129407e-02 1.929557e-02 6.155780e-03 9.997295e-01
-0.67489541 0.12410874 -0.02071345 1.114429e-02 1.878416e-02 5.973746e-03 9.997420e-01
-0.67489541 0.12410874 -0.02071345 1.114429e-02 1.878416e-02 5.973746e-03 9.997420e-01
-0.67663026 0.12508640 -0.01954463 1.093048e-02 1.830162e-02 5.817361e-03 9.997542e-01
-0.67663026 0.12508640 -0.01954463 1.093048e-02 1.830162e-02 5.817361e-03 9.997542e-01
-0.67852539 0.12615094 -0.01852211 1.070102e-02 1.784610e-02 5.668798e-03 9.997658e-01
-0.67852539 0.12615094 -0.01852211 1.070102e-02 1.784610e-02 5.668798e-03 9.997658e-01
-0.68061393 0.12686612 -0.01864336 1.049464e-02 1.740962e-02 5.521639e-03 9.997765e-01
-0.68061393 0.12686612 -0.01864336 1.049464e-02 1.740962e-02 5.521639e-03 9.997765e-01
-0.68234998 0.12728573 -0.01853040 1.031393e-02 1.697320e-02 5.380068e-03 9.997867e-01
-0.68234998 0.12728573 -0.01853040 1.031393e-02 1.697320e-02 5.380068e-03 9.997867e-01
-0.68398482 0.12776144 -0.01845429 1.015469e-02 1.658594e-02 5.239829e-03 9.997956e-01
-0.68398482 0.12776144 -0.01845429 1.015469e-02 1.658594e-02 5.239829e-03 9.997956e-01
-0.68494684 0.12821867 -0.01768411 1.000739e-02 1.626283e-02 5.070143e-03 9.998033e-01
-0.68494684 0.12821867 -0.01768411 1.000739e-02 1.626283e-02 5.070143e-03 9.998033e-01
-0.68631214 0.12863168 -0.01763478 9.863903e-03 1.594673e-02 4.944253e-03 9.998104e-01
-0.68631214 0.12863168 -0.01763478 9.863903e-03 1.594673e-02 4.944253e-03 9.998104e-01
-0.68875259 0.12881403 -0.01882546 9.760926e-03 1.560037e-02 4.856690e-03 9.998173e-01
-0.68875259 0.12881403 -0.01882546 9.760926e-03 1.560037e-02 4.856690e-03 9.998173e-01
-0.69094419 0.12905894 -0.01970035 9.678288e-03 1.524812e-02 4.765679e-03 9.998240e-01
-0.69094419 0.12905894 -0.01970035 9.678288e-03 1.524812e-02 4.765679e-03 9.998240e-01
-0.69268101 0.12942290 -0.01998542 9.602667e-03 1.489840e-02 4.671534e-03 9.998304e-01
-0.69268101 0.12942290 -0.01998542 9.602667e-03 1.489840e-02 4.671534e-03 9.998304e-01
-0.69495201 0.13001654 -0.02012546 9.506971e-03 1.452172e-02 4.593422e-03 9.998372e-01
-0.69495201 0.13001654 -0.02012546 9.506971e-03 1.452172e-02 4.593422e-03 9.998372e-01
-0.69730437 0.13083623 -0.01968292 9.377096e-03 1.412946e-02 4.510984e-03 9.998444e-01
-0.69730437 0.13083623 -0.01968292 9.377096e-03 1.412946e-02 4.510984e-03 9.998444e-01
-0.69933337 0.13163923 -0.01907150 9.232352e-03 1.374315e-02 4.407658e-03 9.998516e-01
-0.69933337 0.13163923 -0.01907150 9.232352e-03 1.374315e-02 4.407658e-03 9.998516e-01
-0.70119154 0.13212122 -0.01904150 9.108314e-03 1.337421e-02 4.284852e-03 9.998583e-01
-0.70119154 0.13212122 -0.01904150 9.108314e-03 1.337421e-02 4.284852e-03 9.998583e-01
-0.70326781 0.13268720 -0.01887709 8.976318e-03 1.298769e-02 4.178383e-03 9.998650e-01
-0.70326781 0.13268720 -0.01887709 8.976318e-03 1.298769e-02 4.178383e-03 9.998650e-01
-0.70467895 0.13317491 -0.01866888 8.862754e-03 1.265611e-02 4.036703e-03 9.998708e-01
-0.70467895 0.13317491 -0.01866888 8.862754e-03 1.265611e-02 4.036703e-03 9.998708e-01
-0.70606047 0.13348190 -0.01866660 8.765971e-03 1.234443e-02 3.900713e-03 9.998761e-01
-0.70606047 0.13348190 -0.01866660 8.765971e-03 1.234443e-02 3.900713e-03 9.998761e-01
-0.70758539 0.13387571 -0.01843072 8.658717e-03 1.202235e-02 3.787484e-03 9.998814e-01
-0.70758539 0.13387571 -0.01843072 8.658717e-03 1.202235e-02 3.787484e-03 9.998814e-01
-0.70979095 0.13449851 -0.01779515 8.511516e-03 1.164475e-02 3.708635e-03 9.998874e-01
-0.70979095 0.13449851 -0.01779515 8.511516e-03 1.164475e-02 3.708635e-03 9.998874e-01
-0.71174926 0.13511100 -0.01704500 8.357309e-03 1.126638e-02 3.612136e-03 9.998934e-01
-0.71174926 0.13511100 -0.01704500 8.357309e-03 1.126638e-02 3.612136e-03 9.998934e-01
-0.71360028 0.13566835 -0.01609028 8.188349e-03 1.088911e-02 3.500226e-03 9.998994e-01
-0.71360028 0.13566835 -0.01609028 8.188349e-03 1.088911e-02 3.500226e-03 9.998994e-01
-0.71533626 0.13618693 -0.01539052 8.024701e-03 1.052640e-02 3.380067e-03 9.999050e-01
-0.71533626 0.13618693 -0.01539052 8.024701e-03 1.052640e-02 3.380067e-03 9.999050e-01
-0.71693289 0.13669537 -0.01494485 7.866359e-03 1.018873e-02 3.259192e-03 9.999102e-01
-0.71693289 0.13669537 -0.01494485 7.866359e-03 1.018873e-02 3.259192e-03 9.999102e-01
-0.71855050 0.13720641 -0.01447464 7.707379e-03 9.856051e-03 3.148330e-03 9.999151e-01
-0.71855050 0.13720641 -0.01447464 7.707379e-03 9.856051e-03 3.148330e-03 9.999151e-01
-0.72010261 0.13760333 -0.01415805 7.560807e-03 9.521353e-03 3.039830e-03 9.999198e-01
-0.72010261 0.13760333 -0.01415805 7.560807e-03 9.521353e-03 3.039830e-03 9.999198e-01
-0.72124726 0.13791539 -0.01393235 7.435956e-03 9.240639e-03 2.908007e-03 9.999238e-01
-0.72124726 0.13791539 -0.01393235 7.435956e-03 9.240639e-03 2.908007e-03 9.999238e-01
-0.72223288 0.13826841 -0.01338333 7.313795e-03 8.983476e-03 2.793845e-03 9.999274e-01
-0.72223288 0.13826841 -0.01338333 7.313795e-03 8.983476e-03 2.793845e-03 9.999274e-01
-0.72360599 0.13862412 -0.01303871 7.186340e-03 8.710431e-03 2.700986e-03 9.999310e-01
-0.72360599 0.13862412 -0.01303871 7.186340e-03 8.710431e-03 2.700986e-03 9.999310e-01
-0.72469687 0.13896810 -0.01263173 7.066522e-03 8.464223e-03 2.606582e-03 9.999342e-01
-0.72469687 0.13896810 -0.01263173 7.066522e-03 8.464223e-03 2.606582e-03 9.999342e-01
-0.72601253 0.13930386 -0.01229215 6.941764e-03 8.209801e-03 2.531076e-03 9.999374e-01
-0.72601253 0.13930386 -0.01229215 6.941764e-03 8.209801e-03 2.531076e-03 9.999374e-01
-0.72735327 0.13968536 -0.01183966 6.817061e-03 7.957845e-03 2.453954e-03 9.999405e-01
-0.72735327 0.13968536 -0.01183966 6.817061e-03 7.957845e-03 2.453954e-03 9.999405e-01
-0.72872269 0.14001051 -0.01160723 6.702988e-03 7.717054e-03 2.372283e-03 9.999434e-01
-0.72872269 0.14001051 -0.01160723 6.702988e-03 7.717054e-03 2.372283e-03 9.999434e-01
-0.73017853 0.14036426 -0.01132963 6.586647e-03 7.460657e-03 2.295581e-03 9.999463e-01
-0.73017853 0.14036426 -0.01132963 6.586647e-03 7.460657e-03 2.295581e-03 9.999463e-01
-0.73171687 0.14070462 -0.01113732 6.471356e-03 7.186803e-03 2.217687e-03 9.999492e-01
-0.73171687 0.14070462 -0.01113732 6.471356e-03 7.186803e-03 2.217687e-03 9.999492e-01
-0.73309857 0.14109662 -0.01078683 6.354365e-03 6.916025e-03 2.136128e-03 9.999520e-01
-0.73309857 0.14109662 -0.01078683 6.354365e-03 6.916025e-03 2.136128e-03 9.999520e-01
-0.73427039 0.14126839 -0.01049877 6.252599e-03 6.646781e-03 2.049915e-03 9.999546e-01
-0.73427039 0.14126839 -0.01049877 6.252599e-03 6.646781e-03 2.049915e-03 9.999546e-01
-0.73547375 0.14151068 -0.01024231 6.156191e-03 6.388356e-03 1.977802e-03 9.999570e-01
-0.73547375 0.14151068 -0.01024231 6.156191e-03 6.388356e-03 1.977802e-03 9.999570e-01
-0.73641133 0.14172181 -0.00985678 6.069418e-03 6.156387e-03 1.901535e-03 9.999591e-01
-0.73641133 0.14172181 -0.00985678 6.069418e-03 6.156387e-03 1.901535e-03 9.999591e-01
-0.73738837 0.14191319 -0.00967526 5.990503e-03 5.940962e-03 1.832245e-03 9.999610e-01
-0.73738837 0.14191319 -0.00967526 5.990503e-03 5.940962e-03 1.832245e-03 9.999610e-01
-0.73842543 0.14220515 -0.00929802 5.903690e-03 5.723397e-03 1.772098e-03 9.999629e-01
-0.73842543 0.14220515 -0.00929802 5.903690e-03 5.723397e-03 1.772098e-03 9.999629e-01
-0.73911655 0.14238290 -0.00910973 5.833286e-03 5.542389e-03 1.695672e-03 9.999645e-01
-0.73911655 0.14238290 -0.00910973 5.833286e-03 5.542389e-03 1.695672e-03 9.999645e-01
-0.73989570 0.14253281 -0.00901558 5.773877e-03 5.371609e-03 1.629080e-03 9.999659e-01
-0.73989570 0.14253281 -0.00901558 5.773877e-03 5.371609e-03 1.629080e-03 9.999659e-01
-0.74078798 0.14271714 -0.00887836 5.707472e-03 5.193032e-03 1.568825e-03 9.999673e-01
-0.74078798 0.14271714 -0.00887836 5.707472e-03 5.193032e-03 1.568825e-03 9.999673e-01
-0.74158043 0.14289832 -0.00868528 5.644171e-03 5.023039e-03 1.508024e-03 9.999686e-01
-0.74158043 0.14289832 -0.00868528 5.644171e-03 5.023039e-03 1.508024e-03 9.999686e-01
-0.74234200 0.14309168 -0.00846985 5.581241e-03 4.860365e-03 1.448969e-03 9.999698e-01
-0.74234200 0.14309168 -0.00846985 5.581241e-03 4.860365e-03 1.448969e-03 9.999698e-01
-0.74302191 0.14319991 -0.00840126 5.530190e-03 4.709561e-03 1.388168e-03 9.999709e-01
-0.74302191 0.14319991 -0.00840126 5.530190e-03 4.709561e-03 1.388168e-03 9.999709e-01
-0.74365550 0.14331870 -0.00826697 5.484015e-03 4.566335e-03 1.330051e-03 9.999719e-01
-0.74365550 0.14331870 -0.00826697 5.484015e-03 4.566335e-03 1.330051e-03 9.999719e-01
-0.74421585 0.14347197 -0.00800306 5.435087e-03 4.431241e-03 1.278136e-03 9.999728e-01
-0.74421585 0.14347197 -0.00800306 5.435087e-03 4.431241e-03 1.278136e-03 9.999728e-01
-0.74475408 0.14360051 -0.00777380 5.388385e-03 4.309330e-03 1.229259e-03 9.999736e-01
-0.74475408 0.14360051 -0.00777380 5.388385e-03 4.309330e-03 1.229259e-03 9.999736e-01
-0.74518228 0.14373812 -0.00742929 5.342317e-03 4.197652e-03 1.180087e-03 9.999744e-01
-0.74518228 0.14373812 -0.00742929 5.342317e-03 4.197652e-03 1.180087e-03 9.999744e-01
-0.74570256 0.14381368 -0.00724867 5.303179e-03 4.085786e-03 1.138565e-03 9.999751e-01
-0.74570256 0.14381368 -0.00724867 5.303179e-03 4.085786e-03 1.138565e-03 9.999751e-01
-0.74616021 0.14389731 -0.00702597 5.263669e-03 3.979439e-03 1.101978e-03 9.999758e-01
-0.74616021 0.14389731 -0.00702597 5.263669e-03 3.979439e-03 1.101978e-03 9.999758e-01
-0.74669170 0.14393479 -0.00687298 5.226227e-03 3.872858e-03 1.070543e-03 9.999764e-01
-0.74669170 0.14393479 -0.00687298 5.226227e-03 3.872858e-03 1.070543e-03 9.999764e-01
-0.74720621 0.14396098 -0.00667302 5.191860e-03 3.764675e-03 1.042589e-03 9.999770e-01
-0.74720621 0.14396098 -0.00667302 5.191860e-03 3.764675e-03 1.042589e-03 9.999770e-01
-0.74774885 0.14398217 -0.00655139 5.160547e-03 3.657115e-03 1.015990e-03 9.999776e-01
-0.74774885 0.14398217 -0.00655139 5.160547e-03 3.657115e-03 1.015990e-03 9.999776e-01
-0.74821204 0.14400087 -0.00633989 5.134525e-03 3.555714e-03 9.843687e-04 9.999781e-01
-0.74821204 0.14400087 -0.00633989 5.134525e-03 3.555714e-03 9.843687e-04 9.999781e-01
-0.74864495 0.14401504 -0.00615147 5.110090e-03 3.459514e-03 9.546847e-04 9.999786e-01
-0.74864495 0.14401504 -0.00615147 5.110090e-03 3.459514e-03 9.546847e-04 9.999786e-01
-0.74907196 0.14403206 -0.00594004 5.086980e-03 3.365514e-03 9.236279e-04 9.999791e-01
-0.74907196 0.14403206 -0.00594004 5.086980e-03 3.365514e-03 9.236279e-04 9.999791e-01
-0.74957484 0.14405206 -0.00584550 5.064178e-03 3.267160e-03 9.004437e-04 9.999796e-01
-0.74957484 0.14405206 -0.00584550 5.064178e-03 3.267160e-03 9.004437e-04 9.999796e-01
-0.75007701 0.14407471 -0.00578912 5.041642e-03 3.169274e-03 8.760211e-04 9.999801e-01
-0.75007701 0.14407471 -0.00578912 5.041642e-03 3.169274e-03 8.760211e-04 9.999801e-01
-0.75052989 0.14411384 -0.00564871 5.020783e-03 3.074752e-03 8.495903e-04 9.999805e-01
-0.75052989 0.14411384 -0.00564871 5.020783e-03 3.074752e-03 8.495903e-04 9.999805e-01
-0.75094020 0.14415063 -0.00548657 5.000040e-03 2.984068e-03 8.203524e-04 9.999809e-01
-0.75094020 0.14415063 -0.00548657 5.000040e-03 2.984068e-03 8.203524e-04 9.999809e-01
-0.75136536 0.14419276 -0.00531783 4.977365e-03 2.891614e-03 7.953027e-04 9.999813e-01
-0.75136536 0.14419276 -0.00531783 4.977365e-03 2.891614e-03 7.953027e-04 9.999813e-01
-0.75198513 0.14409286 -0.00433246 4.949518e-03 2.792712e-03 7.634291e-04 9.999817e-01
-0.75198513 0.14409286 -0.00433246 4.949518e-03 2.792712e-03 7.634291e-04 9.999817e-01
-0.75260395 0.14416347 -0.00369463 4.907802e-03 2.684353e-03 7.406345e-04 9.999822e-01
-0.75260395 0.14416347 -0.00369463 4.907802e-03 2.684353e-03 7.406345e-04 9.999822e-01
-0.75303656 0.14424358 -0.00334008 4.872341e-03 2.591566e-03 7.088177e-04 9.999826e-01
-0.75303656 0.14424358 -0.00334008 4.872341e-03 2.591566e-03 7.088177e-04 9.999826e-01
-0.75383097 0.14430436 -0.00234318 4.819708e-03 2.483075e-03 6.804435e-04 9.999832e-01
