11985.742238
11190.760117
10950.789907
10813.868144
10728.826818
10640.608841
10579.972961
10495.017568
10441.408930
10378.879832
10318.767273
10249.708979
10198.031657
10143.822072
10068.130539
10017.060699
9957.271815
9889.950628
9843.222015
9786.871236
9730.173503
9676.696035
9629.223445
9586.405106
9539.580078
9489.231618
9447.874654
9405.312063
9366.616216
9333.400620
9293.825734
9263.881719
9218.208064
9200.496084
9184.714183
9142.149185
9130.034531
9116.688029
9107.365346
9075.342651
9064.611231
9054.009318
9041.005661
9029.193827
9016.318237
9002.608770
8997.209773
8981.554779
8944.006892
8953.481049
8941.976201
8923.496628
8917.214839
8878.504903
8861.005753
8852.531392
8827.271627
8789.726593
8767.320196
8759.522319
8720.051758
8693.451670
8665.752502
8638.231664
8602.583232
8573.627055
8556.535980
8524.353490
8486.837835
8445.626195
8428.236460
8386.759842
8350.836594
8305.545085
8275.691686
8236.437541
8186.138046
8164.439596
8136.201070
8099.910055
8070.194946
8048.175161
8014.624435
7983.812485
7955.648122
7906.555272
7877.160894
7835.857366
7792.678680
7756.155914
7712.430008
7664.843821
7618.232330
7578.608734
7523.322642
7490.660858
7454.362595
7387.425964
7338.543543
7306.470871
7256.263301
7218.372187
7189.735021
7122.404215
7066.040568
7011.558751
6966.863810
6905.967514
6867.045741
6823.709457
6768.341543
6721.755976
6664.959773
6622.813726
6577.949046
6551.487305
6521.082489
6475.652542
6438.727193
6396.745717
6356.434586
6310.862620
6266.281667
6222.162781
6190.620082
6153.451853
6111.360804
6073.729640
6039.442444
5994.242310
5954.569962
5920.159449
5870.731542
5833.974401
5795.768417
5757.005630
5723.878123
5688.844706
5652.476802
5624.809509
5585.243571
5536.123967
5505.976003
5471.867030
5429.048925
5391.050720
5347.133748
5307.473272
5279.343862
5240.602295
5203.969681
5166.334117
5134.439143
5100.699615
5067.116150
5028.985087
4992.848460
4954.471517
4926.578049
4877.438685
4845.480916
4815.045822
4783.963633
4743.541468
4705.846090
4677.298106
4654.326157
4623.106476
4578.175863
4545.356689
4513.716070
4493.260122
4459.872701
4420.747172
4383.653346
4361.420415
4331.029297
4299.763123
4269.076157
4244.011022
4218.122187
4194.912170
4157.136414
4132.484553
4109.106949
4075.313136
4052.436752
4022.541377
4000.416285
3972.036057
3938.451528
3905.191783
3881.467804
3862.382187
3841.241964
3807.244680
3769.363983
3749.326213
3717.997660
3704.977086
3668.458277
3633.897817
3612.947835
3593.551437
3564.582708
3530.764435
3501.221598
3475.218791
3454.688232
3428.785263
3406.928263
3373.546636
3340.798360
3315.692398
3298.140116
3275.182699
3257.108449
3226.899546
3203.768850
3177.243215
3156.184794
3130.529806
3108.004934
3090.527217
3065.456172
3033.987823
3004.296463
2978.989054
2955.911402
2932.927155
2915.608592
2892.603246
2863.990000
2833.193776
2809.357081
2785.190699
2756.391637
2730.174678
2705.462550
2680.093058
2657.319606
2630.586187
2607.322123
2594.652451
2571.091894
2547.585449
2530.589015
2511.541387
2486.870382
2473.851527
2463.275487
2446.211222
2431.381800
2417.881673
2406.805354
2393.070653
2378.151489
2370.664566
2362.106018
2351.861852
2338.078776
2324.738907
2313.449738
2302.121216
2292.888911
2282.526326
2271.612666
2263.848974
2254.433584
2243.614512
2236.739207
2228.958043
2221.178899
2214.815669
2199.225098
2185.254033
2169.761622
2160.651464
2151.588384
2139.362584
2132.971603
2124.411036
2115.222407
2107.298869
2097.172201
2087.302658
2076.645462
2064.686798
2054.348155
2040.101247
2032.084732
2022.141602
2015.602778
2006.054184
2000.099630
1992.217529
1982.897980
1976.255920
1968.408290
1960.681681
1952.229701
1943.210246
1933.440791
1922.963003
1912.322973
1902.230489
1895.178197
1885.697332
1875.341914
1867.460002
1858.055471
1851.163737
1842.160807
1831.242630
1824.294017
1819.229650
1813.977168
1805.559052
1801.076492
1791.105748
1784.490809
1779.938863
1773.327566
1764.546631
1756.702494
1750.532018
1747.031377
1740.654943
1735.817327
1730.041962
1722.809748
1716.094177
1707.329198
1702.012721
1696.015996
1690.784414
1681.464706
1674.183584
1665.847438
1660.786601
1657.333542
1651.115392
1644.714559
1639.601430
1636.510910
1634.109406
1627.733358
1621.960256
1617.673696
1611.309174
1604.923431
1601.891139
1596.036031
1592.262756
1588.377960
1584.062714
1581.535528
1577.681824
1572.357051
1569.920090
1566.124568
1561.036647
1557.664149
1553.093399
1547.774582
1546.084325
1541.061305
1538.155528
1535.564316
1531.368215
1528.530111
1524.609507
1520.556768
1517.281179
1516.683004
1513.082815
1509.498098
1505.945862
1501.171112
1497.551427
1493.626546
1491.972417
1487.737930
1486.216899
1483.848801
1478.556778
1475.528112
1469.901962
1466.466075
1463.994563
1460.853353
1455.730214
1453.295568
1450.776505
1448.272044
1444.925913
1442.509649
1440.786494
1438.155167
1434.473801
1431.409871
1429.139338
1425.309408
1423.090154
1419.172857
1417.452627
1414.522476
1412.040827
1408.876088
1405.583664
1405.114065
1403.082748
1400.063527
1397.927536
1394.765747
1392.342733
1390.776820
1386.679052
1380.990163
1377.801422
1374.853902
1372.482635
1369.661046
1368.152384
1365.618291
1362.575912
1358.843409
1356.393458
1354.103175
1352.195526
1350.593185
1348.078837
1345.838079
1343.816864
1341.651403
1337.910461
1334.635696
1332.511948
1330.871211
1329.330419
1326.696091
1326.354741
1323.750753
1322.468404
1320.822901
1318.657440
1315.132289
1313.202911
1310.494375
1308.935232
1306.840347
1303.796544
1300.978816
1298.579178
1296.505422
1294.219193
1292.817993
1289.960724
1288.168569
1284.293462
1281.025767
1278.049418
1275.766424
1274.120921
1272.467478
1270.777771
1268.160685
1266.449839
1264.024999
1262.329076
1259.762990
1258.439026
1256.181981
1253.189992
1248.636551
1246.533417
1243.494639
1241.063253
1238.914734
1236.042567
1232.372869
1230.295400
1227.661331
1224.898626
1222.108907
1219.757919
1216.651652
1214.500076
1211.226618
1209.447444
1207.514491
1203.790207
1201.004491
1199.345408
1195.891820
1193.357274
1191.909424
1190.621923
1188.784175
1186.407389
1183.779516
1182.089951
1180.499680
1179.115621
1177.700409
1174.646286
1172.549433
1169.086711
1165.682719
1163.712011
1161.033895
1159.612427
1156.215261
1153.412832
1151.761429
1149.640406
1147.326686
1145.631938
1143.860484
1142.533259
1139.472616
1137.231272
1136.060374
1133.807297
1131.010035
1129.515305
1127.649658
1125.388824
1124.212636
1121.818517
1119.142614
1117.310359
1116.166478
1113.906479
1110.995260
1110.540950
1108.764414
1107.038462
1106.259608
1104.084086
1102.824198
1101.289429
1098.160975
1095.505625
1092.428802
1091.192617
1088.685277
1085.914754
1084.901174
1082.644455
1079.683975
1077.259364
1074.977783
1071.154653
1068.924133
1066.358963
1063.383113
1061.087255
1059.309931
1057.510539
1056.769933
1055.469299
1052.123205
1049.709976
1049.586853
1046.987366
1045.547607
1042.739314
1041.418330
1040.540222
1038.420354
1037.378627
1036.319280
1034.810232
1033.132004
1031.826955
1028.406464
1026.991191
1023.919474
1021.895467
1019.445831
1017.647731
1015.750905
1013.523682
1011.393885
1010.047312
1007.913289
1006.044327
1004.344101
1004.255646
1002.909185
1001.073029
999.830780
998.644557
996.870870
996.363576
994.384435
993.123082
992.524897
991.298513
989.843379
987.037486
985.408875
984.271210
982.403671
980.929962
979.149653
976.548869
975.645950
974.001689
972.529612
971.119339
969.417002
967.790939
966.892400
964.866491
963.629506
962.565674
961.514196
959.592941
958.544312
956.684626
955.614334
954.719289
952.057973
950.960882
947.931686
945.212133
943.043376
942.610738
940.729630
938.973567
937.830851
935.954249
934.485402
933.283696
931.812271
928.896764
926.522634
925.422867
923.044622
921.840022
921.390422
919.496389
917.862869
916.943324
915.465434
914.292852
912.959534
911.646515
911.034231
909.251343
908.666595
906.982880
903.636841
901.952616
900.719040
898.882350
896.711166
896.277390
895.221125
894.047750
892.329610
892.664241
891.055181
889.663305
888.269023
887.838547
886.190938
885.018138
884.233287
883.380219
882.623774
882.338567
881.065679
879.393483
877.733276
876.557922
875.363266
873.467290
872.138117
870.283340
868.751333
867.594284
866.345245
864.679123
864.339254
863.228017
861.130920
859.544693
857.987208
856.306285
854.375783
853.404831
851.627975
850.835505
848.634313
846.116445
845.385529
843.649002
841.407893
839.134893
837.265981
834.997996
832.958333
830.997126
829.868144
829.443802
827.866974
826.277430
825.876556
824.108353
823.702911
821.971425
820.904032
818.192118
817.162511
815.762299
813.982946
813.054464
812.166458
811.194834
809.944468
809.148509
807.615992
805.464539
804.654882
801.825267
801.225794
799.871185
798.911413
797.438410
793.910909
792.915721
790.577077
788.299591
785.403671
782.916346
781.697367
779.761790
777.749379
776.251129
775.095362
773.825043
772.137517
769.899297
768.792765
766.876002
764.382080
763.333191
762.917994
761.063299
759.560877
757.236460
756.260752
755.384481
753.517863
752.570104
752.037491
749.521418
748.779607
748.027273
747.390676
746.187103
745.210988
743.490341
741.903590
741.448995
740.530172
739.042664
738.120834
736.666189
733.541784
730.676910
729.207855
727.894018
727.352386
727.153982
725.282567
724.369502
722.118078
721.642665
720.499969
718.811147
717.321228
715.596141
714.560659
712.321070
711.046438
709.922053
708.773097
707.394221
705.670603
703.633224
702.687775
701.298258
698.655375
697.159637
695.594991
694.248001
692.176885
691.026271
690.415044
688.573085
687.517019
686.446070
685.280553
683.356898
681.345164
680.583603
678.532862
676.394002
674.343750
672.692179
671.303741
669.853144
668.903885
668.029795
665.368154
664.909927
663.396993
662.340642
661.076894
659.887639
658.672557
657.327581
657.117727
656.038045
655.250748
654.919047
653.728373
652.486008
651.812459
650.489919
649.442408
648.184224
646.776423
645.792333
644.629903
643.947957
642.649292
641.745087
640.679799
639.247014
638.397629
637.067591
635.901311
634.527501
633.260473
632.208059
631.200394
629.991267
629.513458
628.759623
627.103566
626.267756
624.899409
623.528051
622.660467
621.385951
619.045812
616.569580
615.585876
613.867335
612.960729
611.527873
610.049316
608.564682
608.143916
607.133662
606.510050
605.438380
604.678314
603.062576
601.833206
601.491287
600.229045
598.454803
597.566554
596.057917
593.731028
592.015004
590.436234
589.805267
589.623927
588.636927
587.825938
586.888718
585.580058
584.743612
583.778356
582.406347
580.990997
581.316315
579.928624
578.797333
577.232234
576.556737
574.544444
573.325714
572.906026
571.796153
570.887227
569.631546
568.557831
568.024567
567.257156
566.029302
565.400304
564.775304
563.115651
562.902425
561.577555
559.579366
557.999268
557.013204
556.671555
555.671758
555.503560
554.592229
552.854691
552.153748
551.133642
549.870936
549.435501
548.189295
546.943115
545.921565
544.761775
543.273168
542.613108
542.223745
541.338684
540.610799
539.311732
538.878983
537.891856
536.423370
535.391113
534.541382
533.148438
532.326492
530.698680
530.371216
529.663488
528.836863
528.158518
527.064626
526.490178
524.702082
523.631561
522.445974
521.230052
521.178609
520.062113
519.084290
518.161697
517.171137
515.538935
514.609970
513.285146
512.551620
512.047694
510.997065
509.848872
509.237549
508.620483
507.877823
507.030553
506.222137
505.124563
504.297282
503.030492
502.440318
501.470434
500.744914
500.155512
499.373647
