0.33221056929808956415
0.08979833372727379082
0.16955310912096846487
0.30791453893169479228
0.40689434924459844112
0.48394447119821132341
0.53440205726671063946
0.53087154081977094844
0.53315559750880459067
0.54156098866666046998
0.52537289127919117870
0.53199060239631834612
0.52409702197557894721
0.53608233410677774700
0.52077548410189755668
0.53524943763117516227
0.51571125751504121038
0.52113618267766315117
0.51842717176456065697
0.50357703179325374876
0.51051882506024248709
0.49507922158528028245
0.51344716040036120219
0.50808656040609456728
0.50090023559005880660
0.52382308517753339849
0.49999020470357435908
0.50328558876244811060
0.50903245505818861538
0.50723132605230003556
0.50227982819688643534
0.50636070879540007184
0.51807245864249562572
0.49976924696968660911
0.50615889452411910732
0.49867188060387451776
0.49424114323953649563
0.50721064094344103790
0.47149071440042189529
0.49672666353674110873
0.46885999919537918457
0.50198439058973864935
0.47831619285789250817
0.48673300376484363028
0.48171973367192955084
0.48574246526665837420
0.48341310525333802683
0.46210873222722298470
0.46864794171830470582
0.46870321929343433665
0.46815698573526037807
0.44581646647419870266
0.46705901810611788472
0.44880373821381436272
0.45783321338510102327
0.43839146185632865693
0.46953983504795410164
0.43676180688145338493
0.45163191411625008831
0.43813799737312852933
0.44109497524207746944
0.43121756766650959358
0.45736933310898558736
0.42306942668016844777
0.41852329341703348176
0.43200526710204129044
0.41000949047026497007
0.43155606814571040308
0.41900166153619466947
0.40767269827699487150
0.41375566519028256218
0.40055694686800369375
0.41149950061672452284
0.40666850803144793947
0.40128780191136836919
0.39187982321015152332
0.38593928605464272730
0.39285376694398449482
0.37250647565441602493
0.39355941192985366417
0.37672851204249607759
0.38456690256805403649
0.36694994490184240643
0.37893541385662704579
0.37420797381205389565
0.36341836129909776965
0.36995672136522977924
0.36704646965862475216
0.35799833336763420277
0.36332309026594117318
0.35827690007202994682
0.35419382047834424565
0.34425585840213202005
0.36066263948741611456
0.34308628470730984095
0.33671560609394673991
0.34655152804078526163
0.33182902455861812419
0.34433989743957804652
0.33932138975969988737
0.33189300731626419916
0.33396522405001016764
0.32365847486633275709
0.33531904530262507391
0.31619798946640065296
0.32385690505878123036
0.32531697256866937140
0.30782946478383926836
0.32090992432875325990
0.30530086413819818025
0.30997739489094927601
0.30431308675010587672
0.30219341025848550641
0.29885819362887250383
0.29118393084777005608
0.29342838077046395906
0.29355406692401825319
0.28768813749177674088
0.28570957475041275364
0.28890464458675951809
0.28908160004343186333
0.28019902496512766321
0.27937864966974002012
0.28752301974183824829
0.27022948319413164775
0.27327409209474379237
0.26904033957860445936
0.26355825281351941136
0.26642071909875042479
0.26393663707903436411
0.25593346370172792570
0.25704647138749070479
0.25576549154550470844
0.24585563179647484944
0.24943877482620571695
0.24478764781287337682
0.24576480587882659767
0.23880083950272923410
0.23107534038445898261
0.23413806426351066459
0.22875475529976091460
0.23085429895677320178
0.22033908637694074595
0.22355201869629459654
0.22086711970435859986
0.21958384992432664062
0.21471427429079772975
0.21465933877838855315
0.21211335258637589729
0.21077129481557249635
0.20514507496613845761
0.20420649117621267332
0.20867304245622217418
0.20296381647501987588
0.20829893788398171073
0.19930057869015987970
0.18970769812413562638
0.20390438286141671087
0.19758805669003767780
0.19082202870073655676
0.19401841803819730448
0.18745467402433202420
0.18994808568798915438
0.18927522274950975278
0.18424320640645824865
0.18037909108377153666
0.17659691940750507633
0.17929041397576128691
0.18267963880506987717
0.17179515385767071822
0.17614852194505531413
0.17516702153844618262
0.17014123635753938824
0.17452440349188938495
0.16747944422635493988
0.16414342535317183458
0.16894403436978994160
0.16537809230783212522
0.16243570473577917390
0.15203401082027695468
0.15772105049156018297
0.16163523529315704241
0.15440153581167387342
0.15292644885012479650
0.15099948619958664109
0.15046278288734879491
0.14910002415554388100
0.14714264482298961001
0.14865119800074461098
0.14084946054371363933
0.15016036364698245875
0.14289854836484577882
0.13921605108905921178
0.13346869638947322922
0.13953773216722503703
0.12917302332605454240
0.13988484762670277961
0.12865401623744887605
0.12483787762260865895
0.13301324134307945801
0.12710057873484936763
0.12326188750457700571
0.11804251041245197862
0.11853613023033862661
0.12129049923008260181
0.12269635590888337828
0.11698118883817322511
0.11689673470730344018
0.11475366980861098631
0.11265239782281782910
0.12212732371430166933
0.11944171804693962113
0.11706786548512532198
0.11351557498577631578
0.11410757815800656734
0.11949942624740474140
0.11458161798770721829
0.11241142807199376585
0.11711282805136306873
0.10577953704962801684
0.10924186105436026195
0.11210671076628245246
0.10882347127843962353
0.11073355770649249974
0.10597299138971399968
0.10423442664654654355
0.09886235931400365329
0.10373247014710051950
0.10179285845192666271
0.10232061315503791776
0.09936120024450725841
0.10164053607445101834
0.10072540701082054182
0.09450079306763836673
0.09451511783818365708
0.09564371613811094297
0.09492339068436257687
0.09407000873492403492
0.09209889301319346133
0.09001991095474722038
0.09095374528870213415
0.08972143853756800458
0.08552923145404854599
0.08657742207628786602
0.08652837155188852769
0.08488871802054760718
0.08393226701979566995
0.08213495276545501600
0.08170092525044481135
0.08095542613883417726
0.07970758302324869315
0.07966123073434132340
0.07887731762523862711
0.07756305711829911131
0.07651720349793422749
0.07557237332116975570
0.07479112409211728651
0.07434503846164826346
0.07368530688622634828
0.07326410050610665525
0.07259038896119432427
0.07013239083851605105
0.06970331399056473032
0.06876524766483155249
0.06700167687842872866
0.06753594911095503472
0.06727663902109028149
0.06668003528658063284
0.06608734158647142087
0.06577373430831803813
0.06427333832110439238
0.06369658890971875709
0.06300143473321580256
0.06214958733703615512
0.06088642328249164321
0.06010845085196783733
0.05967034837220330790
0.05934624049286908731
0.05873580622021176006
0.05787985456433011877
0.05741943396419728340
0.05711807964154621414
0.05726920396504355665
0.05603048592812932133
0.05617792284703562039
0.05506163473797433261
0.05466799636043964683
0.05454390682333584012
0.05395410191052026766
0.05325844856913309472
0.05241082382074807589
0.05258100843039497513
0.05211730179352243308
0.05145270869840792155
0.05108768137366532375
0.05129021132390046422
0.05087451933433678741
0.05086680728968746845
0.05060863620545075214
0.04975765768796660410
0.05007076555689192465
0.04957107907172379757
0.04900466985224327665
0.04862559755528197275
0.04831719714587392328
0.04770328825351204810
0.04701338348687870289
0.04660482878129904721
0.04630842991807972847
0.04539247636410430331
0.04478339861063721644
0.04474202165228496203
0.04446102038983589660
0.04395267292880452453
0.04372258941801049348
0.04320330005500132298
0.04325335257889090235
0.04276106464346200037
0.04237980337059648467
0.04186839303272883034
0.04212345377149606662
0.04208677911061024096
0.04168765897264563314
0.04184483273181724416
0.04153064953485208904
0.04144510711143997717
0.04094341295101196904
0.04071133389147347376
0.03994981159893764427
0.03968985588115903074
0.03998148641511557744
0.03950075956752937406
0.03944922488166194285
0.03908746021327368092
0.03866151513083423974
0.03785182445196507567
0.03738196792509896477
0.03726579836203550156
0.03720482786196548791
0.03712027722015773940
0.03684446054121372216
0.03667751560984842257
0.03657071146492141961
0.03620178981715868605
0.03586347669661616583
0.03573905831777442893
0.03550203097048785367
0.03519767328231020870
0.03546208400526102561
0.03533507502073796741
0.03537557494297919464
0.03510087869168292130
0.03524098787346275491
0.03489952297775887613
0.03459998048886504113
0.03454335679316414276
0.03430874673186258550
0.03423713905153569909
0.03418691026047777221
0.03393879376392786029
0.03376859709673009358
0.03396211513897155754
0.03379435203417133909
0.03373159577231086420
0.03352455665579869015
0.03336659817493882463
0.03331172123434390786
0.03332316280006872994
0.03345847269739757324
0.03353362140971788419
0.03340496709904528655
0.03341550305864594145
0.03313189810051143241
0.03282085946315566743
0.03295199650227421950
0.03300224037613198186
0.03272637805730977539
0.03240581482131684593
0.03241391875725878335
0.03213694363044110325
0.03197807045300905121
0.03187756382750717155
0.03173476596546270095
0.03172827775499387909
0.03132006730973049130
0.03124296202336106915
0.03116149660536313842
0.03115148893600646479
0.03113775256967490565
0.03116908055301612079
0.03106232384698177224
0.03105602621612758851
0.03075697744105132178
0.03086187557929967462
0.03089284871098206542
0.03090111515223556427
0.03093703205334937673
0.03089156134367189444
0.03078627592614746611
0.03078152167117473650
0.03072999231365168213
0.03063680112291136334
0.03068668991159866077
0.03059142264246989332
0.03061324352409356547
0.03069910468511295731
0.03065638646326795252
0.03071039446526241390
0.03057974185327958297
0.03073638209638943769
0.03080242483987085875
0.03071125817579673650
0.03054419708694366270
0.03050911064036368817
0.03048209429020301564
0.03032493946280845343
0.03022032652077988324
0.03015000160813136043
0.03005881863536851925
0.02993559308948003442
0.02993892585616308305
0.02984084452319375746
0.02958796991916068375
0.02957236141058139714
0.02953328215016054817
0.02964967763980161375
0.02957509248557312065
0.02954527120826364733
0.02961121378186988909
0.02962344340314522831
0.02963449538510104855
0.02948784867029867127
0.02948161539774052722
0.02946034550192971890
0.02949501899440027178
0.02944610055974265089
0.02943565559123364345
0.02960188020426475150
0.02967652583477983427
0.02950762362282044124
0.02961128302169684090
0.02956241516169009001
0.02965917916039100682
0.02943220195984267568
0.02961714311732775023
0.02943421231867360613
0.02931790808700787676
0.02930145792872784413
0.02923020607856917016
0.02924166037404628618
0.02912660030309197762
0.02901845233082583561
0.02908362609270417204
0.02898400434316565286
0.02889458446283281121
0.02877247316963226983
0.02882973894425124028
0.02883709647796907014
0.02894331854032632795
0.02886082718278042136
0.02888433695324302969
0.02884265668476726496
0.02874610088512172604
0.02866672484662614179
0.02867828316124713603
0.02858831047998055055
0.02859035857106750206
0.02844405353204918982
0.02839724300125131759
0.02820835695993424361
0.02804629389406681356
0.02801042935198329656
0.02805423280590541024
0.02787235271580796106
0.02776408425811196720
0.02767671514993516255
0.02756171418224955677
0.02749154873793222334
0.02736670433977374250
0.02727469223339818241
0.02720654116628240873
0.02711268027374887785
0.02711573529707212576
0.02703700735343728470
0.02697604169108075434
0.02689840672164686350
0.02678676867478617038
0.02682517463022363047
0.02679901590909037137
0.02663968301489337553
0.02673829156689591646
0.02667661196852231728
0.02662509751226840513
0.02653997460407697684
0.02665233954769227753
0.02674221369711731258
0.02668135928347257352
0.02674017670827822518
0.02662527544026436002
0.02652098906250457966
0.02652506277501091858
0.02653532206856290890
0.02645999435090273105
0.02645414369384829073
0.02643672314492067840
0.02638450384708958263
0.02643351370633273412
0.02642476388422726127
0.02631857398560599401
0.02627919676825508574
0.02623763739615181390
0.02620137052075243930
0.02616597725732901919
0.02604813280663595410
0.02603972979827985645
0.02595371261130717880
0.02587569948891876512
0.02592846597701937289
0.02593696120180158382
0.02593176148165651784
0.02587709896104307961
0.02588961290691478220
0.02588071142782748593
0.02580650497747350239
0.02572640506203262289
0.02574025907603919722
0.02571017213467070156
0.02555780457415924786
0.02552880961866171514
0.02559931926299514882
0.02544444872458026877
0.02548281337386797477
0.02541853371377146217
0.02535700247803451476
0.02527785388299210942
0.02532945839988940198
0.02520432948673378276
0.02518818922754737302
0.02510894598943495468
0.02508846953478756012
0.02505626000051617078
0.02504603645807569265
0.02494176469106964070
0.02489141433191479486
0.02480479320008361147
0.02472382844271258512
0.02468739955540528996
0.02466879265408631824
0.02456228321297880893
0.02458134711157797941
0.02462882422053766507
0.02455974139939606782
0.02456064982591961432
0.02444224065849578964
0.02437674932937355932
0.02433430260225571615
0.02413993767964194015
0.02408639798588507394
0.02402267417984216974
0.02389888461013520496
0.02376356748915648548
0.02374768558394346057
0.02367170524560889555
0.02371187305180287933
0.02371858195957464444
0.02364764022420414585
0.02345176951593916717
0.02331909747575904718
0.02331981211215922167
0.02322047819153260154
0.02311620669556485597
0.02301955142922452319
0.02281323862013128270
0.02280760784469591101
0.02267871684054285908
0.02258054957266554183
0.02251745358869697289
0.02239334805280779675
0.02227156402959572234
0.02226713435269951982
0.02228641913155559109
0.02218783490529792346
0.02211963607247969046
0.02210841775231668638
0.02204575770305166466
0.02193633834025883120
0.02194200337938922996
0.02198850197077905494
0.02198497096396324207
0.02194873711433564106
0.02193120623142113049
0.02186111187619936211
0.02181873451010247697
0.02189800029138647477
0.02187875548001112086
0.02183770057481983912
0.02181359345147617854
0.02177427429906306916
0.02174035699902597887
0.02160784987484902844
0.02153042747892655248
0.02134782739327014192
0.02131808404224461856
0.02126990441817425831
0.02116879802650405498
0.02121567220843456961
0.02115697879887508057
0.02118412712540369489
0.02123257723333168284
0.02117745426344729009
0.02105359013949595001
0.02099328813862446144
0.02086264645023672495
0.02087265843079764635
0.02088858611435384302
0.02088580518323684965
0.02077300734711428482
0.02081539140270788346
0.02086095783286437064
0.02082412455795358899
0.02080054956033744115
0.02077201242366591080
0.02069348767575578119
0.02064481228018325010
0.02069642719563643748
0.02062761018565491267
0.02056458103945836557
0.02064128666000621462
0.02059523273782201680
0.02066364190091468309
0.02062958665295579544
0.02062363103983280016
0.02054549491156016511
0.02052921656138450082
0.02046448192890265583
0.02044469221672741421
0.02036318348531939923
0.02036429156017155809
0.02030339351618072607
0.02018835237940888247
0.02021496783298917799
0.02012427027073328267
0.02011563404464582205
0.02006503373918865421
0.02006485093157759150
0.02000126417010026844
0.01996945481431133124
0.02001865411312115511
0.01993677237481376527
0.01991430094499759343
0.01984940334417122088
0.01984280585196725524
0.01980923804777463479
0.01972761865055917829
0.01965017330406963053
0.01956344017955854303
0.01958265162781577806
0.01947261179667282918
0.01939360186457028679
0.01941015872902549649
0.01937604346434722291
0.01935280666414359099
0.01925944377637483357
0.01922611687004979406
0.01922460886515063583
0.01919288159531574653
0.01910455004904033222
0.01902322572156199890
0.01893454090427522732
0.01895216897337655484
0.01892456579597297933
0.01891521551395703230
0.01882552851848863160
0.01867714593519175306
0.01865866578103080042
0.01858987612231023656
0.01850854406740713373
0.01840310082927243754
0.01834306729425312643
0.01830311248209940886
0.01819213552339565831
0.01828901380442652172
0.01822501085989671962
0.01816795506684876216
0.01810465151012682558
0.01807198029731154829
0.01812720009357231613
0.01812453985206539595
0.01810984688204462026
0.01803742766242670895
0.01795436644868040818
0.01799044943529230084
0.01797878957185572446
0.01792953076421868047
0.01794546930014109115
0.01794156755943483381
0.01797424314893652716
0.01795398548810965902
0.01792360312821776255
0.01794622820436753835
0.01786121612805578393
0.01776309257899953004
0.01769214185630941030
0.01757570569849177533
0.01754060843648665158
0.01753603797086312338
0.01741611188045079708
0.01739354683985783190
0.01734522013584123903
0.01719560437363102171
0.01713818948059002770
0.01716165387055863800
0.01712307410963513979
0.01708371467113258685
0.01708608943889627918
0.01708209146725858316
0.01705197474075021910
0.01713823742047716064
0.01717050882793402788
0.01717144170218326549
0.01710975338836009940
0.01704690340304090487
0.01709094099814287282
0.01703431435928050991
0.01702024741852733308
0.01703130714778220908
0.01703840191229837736
0.01698167005607103056
0.01699492204009522139
0.01690302582720325242
0.01689224496875168374
0.01694940652301071479
0.01688752738588740823
0.01676744986528939246
0.01676329271506121765
0.01676874114824976336
0.01669775475120841013
0.01661260359788895372
0.01663855889542247696
0.01657905824307821449
0.01652834330494790463
0.01645185439309351447
0.01645056860959161898
0.01639015570387305012
0.01635927881566078337
0.01631926787679305671
0.01631130045229470249
0.01629322541259069224
0.01629536897115553204
0.01620559161704875073
0.01614882001570487266
0.01618715252010195782
0.01609730133906084673
0.01600399153545923117
0.01595467877126553399
0.01597039997578379028
0.01594805906039741678
0.01586800235144966709
0.01589852753784002856
0.01583295032951847689
0.01577098272595278336
0.01573069834575818726
0.01567999405917055306
0.01562685205977481021
0.01561001043822118038
0.01562858257359662009
0.01557616586747797779
0.01553418168725437601
0.01551672467290735394
0.01550860460236981771
0.01543225366109432853
0.01546337877687318542
0.01551437879485324800
0.01548679938419297505
0.01549495325043516794
0.01546610066032494055
0.01546605180262750935
0.01544018952806643433
0.01538670263245480417
0.01536784994260413303
0.01522421059554218345
0.01518606036561483824
0.01518287370741549375
0.01516688029370200259
0.01516725857417503161
0.01515355425203030251
0.01504571560447576749
0.01498705122299511493
0.01500612007973931537
0.01498678365088544455
0.01496175549250739444
0.01492734780695668430
0.01488841119155931252
0.01485442875056538353
0.01483756935611090649
0.01481520118380009847
0.01478048919986445914
0.01469329776610745625
0.01463350875478400953
0.01457833562200526629
0.01451977397269251131
0.01444188990274029340
0.01443030486119729026
0.01437940728940724326
0.01435973870492242635
0.01433309369812812810
0.01427158865392967428
0.01422306455894550847
0.01419884452518530883
0.01412016595007117327
0.01405610192858922254
0.01406666699006170300
0.01398452772998851415
0.01396361424023258128
0.01393161907824228170
0.01391083477829866723
0.01391360160066999752
0.01387216843828858667
0.01388271620230624621
0.01378933938043272120
0.01375754853735256661
0.01374997621682733616
0.01370004496838172353
0.01366057506167084150
0.01366012094450272732
0.01362790971121789936
0.01360478568494288137
0.01352358270073779171
0.01348618980519239278
0.01342266330092763138
0.01336481716331811183
0.01331886253840963881
0.01332101744266833525
0.01327474403862383308
0.01331478659679274056
0.01326134972636436316
0.01325590470150218511
0.01332118196041591658
0.01323531779532224201
0.01323868013070900705
0.01323036280696231193
0.01321667125861794231
0.01317645426299663379
0.01310369234617250744
0.01310962010648363853
0.01318352903937507724
0.01320009470754911554
0.01316971447965482357
0.01318350012666812468
0.01315844575007099268
0.01309769199139075926
0.01311867405822309679
0.01304043157016323597
0.01299970942591036939
0.01302050348012869126
0.01298564947517058879
0.01295145862399154149
0.01291089344420717072
0.01289470202366914571
0.01287465075116416002
0.01278910997720862641
0.01279250239101602238
0.01280640183007230627
0.01284193427906677246
0.01279039269852332017
0.01269109041217261931
0.01265460444375531880
0.01264409957895497837
0.01259910858216345755
0.01257475198641896594
0.01252175471931299237
0.01245134603046085114
0.01241312484453037553
0.01243087602033409074
0.01235601094855874257
0.01229373910577363262
0.01232829911148595504
0.01229709698396858411
0.01227299149517379132
0.01225726821250454866
0.01222420315450042753
0.01218837976053026642
0.01209996181344381513
0.01216590471675564437
0.01207376446858306543
0.01201843494474936005
0.01195798380042449247
0.01187505535456807176
0.01189287715372736726
0.01186389253627563936
0.01190520356901359975
0.01188244499395118073
0.01193407777689039183
0.01185897465300898672
0.01182556311039035038
0.01176702307046694623
0.01175813042660889089
0.01175255067570751821
0.01169151911487741925
0.01170048284064335690
0.01163666050146752555
0.01158049995607965052
0.01159840988121737040
0.01158989811339295947
0.01164642441894162689
0.01160461246394733914
0.01160561000020269434
0.01156805453129803284
0.01155704686489232580
0.01161925359929256649
0.01155327996594627746
0.01153370657077787929
0.01147152406611419428
0.01141402369213704270
0.01133515764430409467
0.01130191607192275113
0.01130984443622891529
0.01125198227438761051
0.01105857470623186796
0.01103675185736537750
0.01100575146935169751
0.01094807830050909155
0.01093490312945202478
0.01082061359581377655
0.01080537192451416252
0.01079511496992270614
0.01077088029361326048
0.01073684823315215753
0.01069310152087173636
0.01073891584073709965
0.01072392690624402768
0.01066464647959274904
0.01060476339366329089
0.01059082637105097056
0.01056838466079977092
0.01058130599884233615
0.01059106284616014200
0.01054107898565863344
0.01051979955399027708
0.01050791205291335718
0.01048430687119055599
0.01045866247014689068
0.01046463743425877363
0.01043508377831469866
0.01045214610183576795
0.01039826058781225318
0.01035252274370188248
0.01027327829954451099
0.01024647510277567133
0.01025894540670414974
0.01020904473424486501
0.01016420689514013417
0.01010291015060013446
0.01008479390684991102
0.01008210126494538464
0.01007688732902677249
0.01009140228138739881
0.01006529732187538134
0.01000672176930893741
0.00998472533965764387
0.00993858470944002440
0.00993347421931279652
0.00990035617765676855
0.00985902721592409222
0.00979505866759196320
0.00975164834343790823
0.00971719415878207621
0.00970677564281647969
0.00968149165681491709
0.00964661987351761278
0.00967172197034140042
0.00965759680043277308
0.00961066606074831471
0.00959745063315953217
0.00955808385230024447
0.00960799030028777583
0.00957208097810162764
0.00954440335792377734
